protein,A,G,M,S,C,H,N,T,D,I,P,V,E,K,Q,W,F,L,R,Y
3mss,0.06825938566552901,0.06143344709897611,0.04436860068259386,0.05802047781569966,0.017064846416382253,0.020477815699658702,0.030716723549488054,0.05460750853242321,0.04436860068259386,0.040955631399317405,0.04436860068259386,0.06484641638225255,0.10580204778156997,0.07167235494880546,0.027303754266211604,0.023890784982935155,0.03754266211604096,0.08873720136518772,0.040955631399317405,0.05460750853242321
2pog,0.06048387096774194,0.04032258064516129,0.06048387096774194,0.08064516129032258,0.004032258064516129,0.05241935483870968,0.036290322580645164,0.04032258064516129,0.05241935483870968,0.04838709677419355,0.03225806451612903,0.05241935483870968,0.06048387096774194,0.04435483870967742,0.036290322580645164,0.012096774193548387,0.028225806451612902,0.1935483870967742,0.04435483870967742,0.020161290322580645
3ebp,0.07482185273159145,0.057007125890736345,0.02494061757719715,0.0344418052256532,0.010688836104513063,0.026128266033254157,0.05463182897862233,0.04275534441805225,0.05819477434679335,0.05938242280285035,0.04275534441805225,0.07363420427553444,0.07719714964370546,0.057007125890736345,0.035629453681710214,0.014251781472684086,0.04513064133016627,0.09382422802850356,0.07482185273159145,0.04275534441805225
2qnq,0.030303030303030304,0.13131313131313133,0.020202020202020204,0.010101010101010102,0.020202020202020204,0.010101010101010102,0.030303030303030304,0.08080808080808081,0.04040404040404041,0.13131313131313133,0.06060606060606061,0.06060606060606061,0.04040404040404041,0.06060606060606061,0.06060606060606061,0.020202020202020204,0.020202020202020204,0.12121212121212122,0.04040404040404041,0.010101010101010102
4e5w,0.03642384105960265,0.0728476821192053,0.023178807947019868,0.052980132450331126,0.026490066225165563,0.026490066225165563,0.04304635761589404,0.046357615894039736,0.059602649006622516,0.052980132450331126,0.04966887417218543,0.059602649006622516,0.08278145695364239,0.09602649006622517,0.03642384105960265,0.009933774834437087,0.039735099337748346,0.09933774834437085,0.04304635761589404,0.04304635761589404
4gfm,0.029801324503311258,0.06622516556291391,0.029801324503311258,0.056291390728476824,0.016556291390728478,0.026490066225165563,0.04966887417218543,0.033112582781456956,0.059602649006622516,0.059602649006622516,0.04304635761589404,0.056291390728476824,0.08609271523178808,0.076158940397351,0.046357615894039736,0.009933774834437087,0.04304635761589404,0.09602649006622517,0.06622516556291391,0.04966887417218543
3cj4,0.09027777777777778,0.057291666666666664,0.022569444444444444,0.08506944444444445,0.03298611111111111,0.03298611111111111,0.03125,0.06597222222222222,0.04513888888888889,0.03993055555555555,0.052083333333333336,0.06597222222222222,0.04513888888888889,0.05555555555555555,0.029513888888888888,0.015625,0.024305555555555556,0.10069444444444445,0.06770833333333333,0.03993055555555555
1c5z,0.043478260869565216,0.08333333333333333,0.021739130434782608,0.07971014492753623,0.043478260869565216,0.03260869565217391,0.025362318840579712,0.07246376811594203,0.03985507246376811,0.057971014492753624,0.057971014492753624,0.043478260869565216,0.057971014492753624,0.06521739130434782,0.04710144927536232,0.018115942028985508,0.03260869565217391,0.07971014492753623,0.05434782608695652,0.043478260869565216
2xbv,0.057432432432432436,0.0945945945945946,0.016891891891891893,0.0472972972972973,0.05405405405405406,0.02027027027027027,0.033783783783783786,0.0777027027027027,0.05067567567567568,0.0472972972972973,0.033783783783783786,0.060810810810810814,0.0777027027027027,0.07432432432432433,0.04054054054054054,0.013513513513513514,0.04391891891891892,0.060810810810810814,0.060810810810810814,0.033783783783783786
3n76,0.1292517006802721,0.08843537414965986,0.006802721088435374,0.05442176870748299,0.006802721088435374,0.047619047619047616,0.034013605442176874,0.04081632653061224,0.034013605442176874,0.06802721088435375,0.034013605442176874,0.08843537414965986,0.08843537414965986,0.006802721088435374,0.027210884353741496,0.006802721088435374,0.006802721088435374,0.1360544217687075,0.06802721088435375,0.027210884353741496
3myg,0.0625,0.0625,0.014705882352941176,0.0625,0.011029411764705883,0.03676470588235294,0.025735294117647058,0.04779411764705882,0.03676470588235294,0.04779411764705882,0.051470588235294115,0.051470588235294115,0.08455882352941177,0.0661764705882353,0.03308823529411765,0.014705882352941176,0.04411764705882353,0.125,0.07720588235294118,0.04411764705882353
4bkt,0.049586776859504134,0.05234159779614325,0.027548209366391185,0.06060606060606061,0.01652892561983471,0.024793388429752067,0.03581267217630854,0.06060606060606061,0.05785123966942149,0.049586776859504134,0.07713498622589532,0.07162534435261708,0.07713498622589532,0.04132231404958678,0.03581267217630854,0.005509641873278237,0.049586776859504134,0.10192837465564739,0.07713498622589532,0.027548209366391185
2wbg,0.0641025641025641,0.08333333333333333,0.014957264957264958,0.049145299145299144,0.002136752136752137,0.0405982905982906,0.053418803418803416,0.027777777777777776,0.06196581196581197,0.0641025641025641,0.04700854700854701,0.08333333333333333,0.07264957264957266,0.06196581196581197,0.019230769230769232,0.03205128205128205,0.053418803418803416,0.0641025641025641,0.049145299145299144,0.05555555555555555
1ydt,0.07297297297297298,0.06486486486486487,0.01891891891891892,0.04594594594594595,0.005405405405405406,0.02702702702702703,0.04594594594594595,0.04594594594594595,0.05675675675675676,0.062162162162162166,0.03513513513513514,0.05405405405405406,0.07297297297297298,0.0918918918918919,0.03783783783783784,0.016216216216216217,0.07027027027027027,0.08648648648648649,0.04864864864864865,0.04054054054054054
2vw5,0.06074766355140187,0.056074766355140186,0.02336448598130841,0.0794392523364486,0.0,0.004672897196261682,0.037383177570093455,0.056074766355140186,0.056074766355140186,0.09345794392523364,0.02336448598130841,0.06542056074766354,0.102803738317757,0.07009345794392523,0.04205607476635514,0.004672897196261682,0.0514018691588785,0.09813084112149532,0.04672897196261682,0.028037383177570093
4wiv,0.03937007874015748,0.015748031496062992,0.03937007874015748,0.015748031496062992,0.015748031496062992,0.007874015748031496,0.09448818897637795,0.06299212598425197,0.047244094488188976,0.05511811023622047,0.09448818897637795,0.03937007874015748,0.06299212598425197,0.09448818897637795,0.07086614173228346,0.023622047244094488,0.03937007874015748,0.10236220472440945,0.023622047244094488,0.05511811023622047
3jvr,0.05904059040590406,0.05904059040590406,0.02214022140221402,0.02952029520295203,0.02214022140221402,0.025830258302583026,0.05166051660516605,0.02952029520295203,0.06642066420664207,0.06273062730627306,0.05904059040590406,0.07380073800738007,0.08487084870848709,0.07749077490774908,0.025830258302583026,0.02214022140221402,0.033210332103321034,0.1033210332103321,0.055350553505535055,0.03690036900369004
3b27,0.06550218340611354,0.06550218340611354,0.03056768558951965,0.06986899563318777,0.0,0.017467248908296942,0.034934497816593885,0.07423580786026202,0.06986899563318777,0.08733624454148471,0.021834061135371178,0.048034934497816595,0.1091703056768559,0.07423580786026202,0.039301310043668124,0.004366812227074236,0.043668122270742356,0.07860262008733625,0.034934497816593885,0.03056768558951965
3u9q,0.06115107913669065,0.039568345323741004,0.03237410071942446,0.06115107913669065,0.0035971223021582736,0.02158273381294964,0.02877697841726619,0.046762589928057555,0.06474820143884892,0.07553956834532374,0.03597122302158273,0.050359712230215826,0.06474820143884892,0.09352517985611511,0.05755395683453238,0.0,0.0539568345323741,0.15467625899280577,0.02877697841726619,0.025179856115107913
3nq9,0.09259259259259259,0.024691358024691357,0.024691358024691357,0.043209876543209874,0.030864197530864196,0.012345679012345678,0.030864197530864196,0.04938271604938271,0.06172839506172839,0.06172839506172839,0.04938271604938271,0.05555555555555555,0.09876543209876543,0.09259259259259259,0.05555555555555555,0.012345679012345678,0.024691358024691357,0.13580246913580246,0.018518518518518517,0.024691358024691357
3n86,0.1292517006802721,0.08843537414965986,0.006802721088435374,0.05442176870748299,0.006802721088435374,0.047619047619047616,0.034013605442176874,0.04081632653061224,0.034013605442176874,0.06802721088435375,0.034013605442176874,0.08843537414965986,0.08843537414965986,0.006802721088435374,0.027210884353741496,0.006802721088435374,0.006802721088435374,0.1360544217687075,0.06802721088435375,0.027210884353741496
1s38,0.09844559585492228,0.08549222797927461,0.04404145077720207,0.07772020725388601,0.012953367875647668,0.025906735751295335,0.02072538860103627,0.046632124352331605,0.06217616580310881,0.05699481865284974,0.04404145077720207,0.046632124352331605,0.06217616580310881,0.03626943005181347,0.04404145077720207,0.010362694300518135,0.05181347150259067,0.06994818652849741,0.08290155440414508,0.02072538860103627
2al5,0.07224334600760456,0.09505703422053231,0.03802281368821293,0.06463878326996197,0.015209125475285171,0.0076045627376425855,0.03802281368821293,0.06463878326996197,0.049429657794676805,0.060836501901140684,0.026615969581749048,0.06844106463878327,0.07604562737642585,0.10646387832699619,0.011406844106463879,0.015209125475285171,0.026615969581749048,0.07604562737642585,0.03802281368821293,0.049429657794676805
4f9w,0.06788511749347259,0.044386422976501305,0.028720626631853787,0.06005221932114883,0.010443864229765013,0.04699738903394256,0.04177545691906005,0.05221932114882506,0.0731070496083551,0.057441253263707574,0.044386422976501305,0.06005221932114883,0.06266318537859007,0.04960835509138381,0.04177545691906005,0.013054830287206266,0.03655352480417755,0.1174934725848564,0.04960835509138381,0.04177545691906005
3rlr,0.061946902654867256,0.06637168141592921,0.030973451327433628,0.06637168141592921,0.0,0.04424778761061947,0.035398230088495575,0.0752212389380531,0.05752212389380531,0.08849557522123894,0.022123893805309734,0.04424778761061947,0.10176991150442478,0.07079646017699115,0.03982300884955752,0.004424778761061947,0.04424778761061947,0.084070796460177,0.030973451327433628,0.030973451327433628
4gkm,0.18733509234828497,0.11081794195250659,0.021108179419525065,0.055408970976253295,0.005277044854881266,0.03430079155672823,0.023746701846965697,0.05013192612137203,0.05804749340369393,0.0316622691292876,0.05013192612137203,0.09498680738786279,0.036939313984168866,0.010554089709762533,0.023746701846965697,0.0158311345646438,0.029023746701846966,0.0870712401055409,0.0712401055408971,0.002638522427440633
4k77,0.03642384105960265,0.0728476821192053,0.023178807947019868,0.052980132450331126,0.026490066225165563,0.026490066225165563,0.04304635761589404,0.046357615894039736,0.059602649006622516,0.052980132450331126,0.04966887417218543,0.059602649006622516,0.08278145695364239,0.09602649006622517,0.03642384105960265,0.009933774834437087,0.039735099337748346,0.09933774834437085,0.04304635761589404,0.04304635761589404
3ozs,0.07239819004524888,0.06787330316742081,0.03619909502262444,0.058823529411764705,0.02262443438914027,0.00904977375565611,0.027149321266968326,0.049773755656108594,0.08144796380090498,0.04524886877828054,0.049773755656108594,0.06787330316742081,0.04524886877828054,0.06334841628959276,0.058823529411764705,0.00904977375565611,0.01809954751131222,0.12217194570135746,0.04072398190045249,0.05429864253393665
2w66,0.06564245810055866,0.05446927374301676,0.0223463687150838,0.05307262569832402,0.004189944134078212,0.018156424581005588,0.061452513966480445,0.04748603351955307,0.055865921787709494,0.05865921787709497,0.05446927374301676,0.06564245810055866,0.07402234636871509,0.08379888268156424,0.055865921787709494,0.0223463687150838,0.03770949720670391,0.0782122905027933,0.03910614525139665,0.04748603351955307
4eor,0.06474820143884892,0.044964028776978415,0.023381294964028777,0.052158273381294966,0.01079136690647482,0.0341726618705036,0.02877697841726619,0.05935251798561151,0.048561151079136694,0.046762589928057555,0.05935251798561151,0.07553956834532374,0.06294964028776978,0.07194244604316546,0.039568345323741004,0.01079136690647482,0.04316546762589928,0.13489208633093525,0.04136690647482014,0.046762589928057555
3oe5,0.07239819004524888,0.06787330316742081,0.03619909502262444,0.058823529411764705,0.02262443438914027,0.00904977375565611,0.027149321266968326,0.049773755656108594,0.08144796380090498,0.04524886877828054,0.049773755656108594,0.06787330316742081,0.04524886877828054,0.06334841628959276,0.058823529411764705,0.00904977375565611,0.01809954751131222,0.12217194570135746,0.04072398190045249,0.05429864253393665
5tmn,0.08860759493670886,0.11392405063291139,0.006329113924050633,0.08227848101265822,0.0,0.02531645569620253,0.060126582278481014,0.07911392405063292,0.07911392405063292,0.056962025316455694,0.02531645569620253,0.06962025316455696,0.02531645569620253,0.03481012658227848,0.04113924050632911,0.00949367088607595,0.03164556962025317,0.05063291139240506,0.03164556962025317,0.08860759493670886
3n7a,0.1292517006802721,0.08843537414965986,0.006802721088435374,0.05442176870748299,0.006802721088435374,0.047619047619047616,0.034013605442176874,0.04081632653061224,0.034013605442176874,0.06802721088435375,0.034013605442176874,0.08843537414965986,0.08843537414965986,0.006802721088435374,0.027210884353741496,0.006802721088435374,0.006802721088435374,0.1360544217687075,0.06802721088435375,0.027210884353741496
3ueu,0.09259259259259259,0.024691358024691357,0.024691358024691357,0.043209876543209874,0.030864197530864196,0.012345679012345678,0.030864197530864196,0.04938271604938271,0.06172839506172839,0.06172839506172839,0.04938271604938271,0.05555555555555555,0.09876543209876543,0.09259259259259259,0.05555555555555555,0.012345679012345678,0.024691358024691357,0.13580246913580246,0.018518518518518517,0.024691358024691357
3ejr,0.05071770334928229,0.06028708133971292,0.026794258373205742,0.07272727272727272,0.010526315789473684,0.04784688995215311,0.03732057416267943,0.05454545454545454,0.06220095693779904,0.03923444976076555,0.06028708133971292,0.06985645933014355,0.05071770334928229,0.049760765550239235,0.05454545454545454,0.020095693779904306,0.0430622009569378,0.09665071770334928,0.05645933014354067,0.03636363636363636
1g2k,0.030303030303030304,0.13131313131313133,0.020202020202020204,0.010101010101010102,0.020202020202020204,0.010101010101010102,0.030303030303030304,0.08080808080808081,0.04040404040404041,0.13131313131313133,0.06060606060606061,0.06060606060606061,0.04040404040404041,0.06060606060606061,0.06060606060606061,0.020202020202020204,0.020202020202020204,0.12121212121212122,0.04040404040404041,0.010101010101010102
4dld,0.04669260700389105,0.08560311284046693,0.03501945525291829,0.0622568093385214,0.011673151750972763,0.007782101167315175,0.03501945525291829,0.07003891050583658,0.06614785992217899,0.07392996108949416,0.03501945525291829,0.05058365758754864,0.058365758754863814,0.08560311284046693,0.03501945525291829,0.01556420233463035,0.027237354085603113,0.09727626459143969,0.04669260700389105,0.054474708171206226
2hb1,0.043478260869565216,0.046822742474916385,0.03678929765886288,0.0802675585284281,0.020066889632107024,0.030100334448160536,0.033444816053511704,0.043478260869565216,0.06020066889632107,0.05351170568561873,0.04013377926421405,0.05351170568561873,0.0903010033444816,0.07357859531772576,0.046822742474916385,0.020066889632107024,0.046822742474916385,0.09364548494983277,0.056856187290969896,0.030100334448160536
2qbp,0.043478260869565216,0.046822742474916385,0.03678929765886288,0.0802675585284281,0.020066889632107024,0.030100334448160536,0.033444816053511704,0.043478260869565216,0.06020066889632107,0.05351170568561873,0.04013377926421405,0.05351170568561873,0.0903010033444816,0.07357859531772576,0.046822742474916385,0.020066889632107024,0.046822742474916385,0.09364548494983277,0.056856187290969896,0.030100334448160536
4jia,0.03,0.06333333333333334,0.03,0.05333333333333334,0.016666666666666666,0.02666666666666667,0.05,0.03333333333333333,0.06,0.06,0.043333333333333335,0.056666666666666664,0.08666666666666667,0.07666666666666666,0.04666666666666667,0.01,0.043333333333333335,0.09666666666666666,0.06666666666666667,0.05
3bgz,0.042042042042042045,0.07507507507507508,0.015015015015015015,0.08408408408408409,0.018018018018018018,0.06006006006006006,0.024024024024024024,0.024024024024024024,0.06006006006006006,0.057057057057057055,0.06006006006006006,0.06906906906906907,0.07207207207207207,0.036036036036036036,0.03303303303303303,0.021021021021021023,0.042042042042042045,0.11711711711711711,0.06906906906906907,0.021021021021021023
3zt2,0.08383233532934131,0.09580838323353294,0.017964071856287425,0.059880239520958084,0.011976047904191617,0.0718562874251497,0.029940119760479042,0.0658682634730539,0.03592814371257485,0.08982035928143713,0.029940119760479042,0.07784431137724551,0.0658682634730539,0.0718562874251497,0.05389221556886228,0.023952095808383235,0.017964071856287425,0.04790419161676647,0.023952095808383235,0.023952095808383235
3gr2,0.10335195530726257,0.08100558659217877,0.01675977653631285,0.05027932960893855,0.0,0.013966480446927373,0.0446927374301676,0.06424581005586592,0.03910614525139665,0.061452513966480445,0.07262569832402235,0.061452513966480445,0.04189944134078212,0.05865921787709497,0.06983240223463687,0.036312849162011177,0.025139664804469275,0.08659217877094973,0.030726256983240222,0.04189944134078212
2vkm,0.061696658097686374,0.08740359897172237,0.02056555269922879,0.07712082262210797,0.015424164524421594,0.017994858611825194,0.038560411311053984,0.05912596401028278,0.05398457583547558,0.05912596401028278,0.04884318766066838,0.08740359897172237,0.056555269922879174,0.038560411311053984,0.04113110539845758,0.017994858611825194,0.05141388174807198,0.07455012853470437,0.043701799485861184,0.04884318766066838
3twp,0.1883289124668435,0.11140583554376658,0.01856763925729443,0.05570291777188329,0.005305039787798408,0.034482758620689655,0.023872679045092837,0.050397877984084884,0.058355437665782495,0.03183023872679045,0.050397877984084884,0.09283819628647215,0.03713527851458886,0.010610079575596816,0.023872679045092837,0.015915119363395226,0.029177718832891247,0.08753315649867374,0.07161803713527852,0.002652519893899204
3dxg,0.0967741935483871,0.024193548387096774,0.03225806451612903,0.12096774193548387,0.06451612903225806,0.03225806451612903,0.08064516129032258,0.08064516129032258,0.04032258064516129,0.024193548387096774,0.03225806451612903,0.07258064516129033,0.04032258064516129,0.08064516129032258,0.056451612903225805,0.0,0.024193548387096774,0.016129032258064516,0.03225806451612903,0.04838709677419355
4de2,0.13688212927756654,0.08365019011406843,0.019011406844106463,0.049429657794676805,0.0038022813688212928,0.0076045627376425855,0.04182509505703422,0.11026615969581749,0.049429657794676805,0.04182509505703422,0.049429657794676805,0.053231939163498096,0.045627376425855515,0.03802281368821293,0.06463878326996197,0.011406844106463879,0.015209125475285171,0.10266159695817491,0.057034220532319393,0.019011406844106463
1z9g,0.08860759493670886,0.11392405063291139,0.006329113924050633,0.08227848101265822,0.0,0.02531645569620253,0.060126582278481014,0.07911392405063292,0.07911392405063292,0.056962025316455694,0.02531645569620253,0.06962025316455696,0.02531645569620253,0.03481012658227848,0.04113924050632911,0.00949367088607595,0.03164556962025317,0.05063291139240506,0.03164556962025317,0.08860759493670886
3uuo,0.04747774480712166,0.050445103857566766,0.04451038575667656,0.06528189910979229,0.03560830860534125,0.04747774480712166,0.04154302670623145,0.05934718100890208,0.04154302670623145,0.05934718100890208,0.03857566765578635,0.04451038575667656,0.0712166172106825,0.05341246290801187,0.04747774480712166,0.017804154302670624,0.04451038575667656,0.10979228486646884,0.04154302670623145,0.03857566765578635
2brb,0.05723905723905724,0.06397306397306397,0.02356902356902357,0.04040404040404041,0.020202020202020204,0.050505050505050504,0.04713804713804714,0.030303030303030304,0.06060606060606061,0.05723905723905724,0.06060606060606061,0.07407407407407407,0.08080808080808081,0.07407407407407407,0.02356902356902357,0.020202020202020204,0.030303030303030304,0.09427609427609428,0.05723905723905724,0.03367003367003367
3uew,0.09259259259259259,0.024691358024691357,0.024691358024691357,0.043209876543209874,0.030864197530864196,0.012345679012345678,0.030864197530864196,0.04938271604938271,0.06172839506172839,0.06172839506172839,0.04938271604938271,0.05555555555555555,0.09876543209876543,0.09259259259259259,0.05555555555555555,0.012345679012345678,0.024691358024691357,0.13580246913580246,0.018518518518518517,0.024691358024691357
3e5a,0.057692307692307696,0.057692307692307696,0.01282051282051282,0.07692307692307693,0.009615384615384616,0.03205128205128205,0.035256410256410256,0.04487179487179487,0.05128205128205128,0.04807692307692308,0.04807692307692308,0.04807692307692308,0.08653846153846154,0.0641025641025641,0.035256410256410256,0.016025641025641024,0.04807692307692308,0.11538461538461539,0.0673076923076923,0.04487179487179487
3ge7,0.09844559585492228,0.08549222797927461,0.04404145077720207,0.07772020725388601,0.012953367875647668,0.025906735751295335,0.02072538860103627,0.046632124352331605,0.06217616580310881,0.05699481865284974,0.04404145077720207,0.046632124352331605,0.06217616580310881,0.03626943005181347,0.04404145077720207,0.010362694300518135,0.05181347150259067,0.06994818652849741,0.08290155440414508,0.02072538860103627
4mgd,0.055970149253731345,0.04477611940298507,0.05970149253731343,0.07462686567164178,0.014925373134328358,0.05970149253731343,0.033582089552238806,0.03731343283582089,0.048507462686567165,0.048507462686567165,0.033582089552238806,0.048507462686567165,0.05970149253731343,0.05223880597014925,0.03731343283582089,0.011194029850746268,0.026119402985074626,0.19029850746268656,0.048507462686567165,0.014925373134328358
1p1q,0.07224334600760456,0.09505703422053231,0.03802281368821293,0.06463878326996197,0.015209125475285171,0.0076045627376425855,0.03802281368821293,0.06844106463878327,0.049429657794676805,0.060836501901140684,0.026615969581749048,0.06844106463878327,0.07604562737642585,0.10646387832699619,0.011406844106463879,0.015209125475285171,0.026615969581749048,0.07224334600760456,0.03802281368821293,0.049429657794676805
4crc,0.0546218487394958,0.10084033613445378,0.008403361344537815,0.0546218487394958,0.03361344537815126,0.03361344537815126,0.03361344537815126,0.07142857142857142,0.037815126050420166,0.07983193277310924,0.03361344537815126,0.07142857142857142,0.06722689075630252,0.06302521008403361,0.05042016806722689,0.03361344537815126,0.012605042016806723,0.06302521008403361,0.05042016806722689,0.046218487394957986
4ty7,0.040983606557377046,0.10655737704918032,0.00819672131147541,0.05327868852459016,0.036885245901639344,0.05737704918032787,0.028688524590163935,0.06967213114754098,0.040983606557377046,0.0778688524590164,0.03278688524590164,0.06967213114754098,0.06147540983606557,0.06557377049180328,0.04918032786885246,0.03278688524590164,0.012295081967213115,0.06147540983606557,0.04918032786885246,0.045081967213114756
1q8u,0.07027027027027027,0.06486486486486487,0.01891891891891892,0.04594594594594595,0.005405405405405406,0.02702702702702703,0.04864864864864865,0.04594594594594595,0.05405405405405406,0.062162162162162166,0.03783783783783784,0.05405405405405406,0.07297297297297298,0.0918918918918919,0.03783783783783784,0.016216216216216217,0.07027027027027027,0.08648648648648649,0.04864864864864865,0.04054054054054054
1bzc,0.040498442367601244,0.04361370716510903,0.03426791277258567,0.07476635514018691,0.018691588785046728,0.03426791277258567,0.03426791277258567,0.040498442367601244,0.056074766355140186,0.056074766355140186,0.06853582554517133,0.04984423676012461,0.09345794392523364,0.07165109034267912,0.04361370716510903,0.018691588785046728,0.04361370716510903,0.09034267912772585,0.059190031152647975,0.028037383177570093
1pxn,0.06375838926174497,0.053691275167785234,0.016778523489932886,0.04697986577181208,0.010067114093959731,0.03355704697986577,0.026845637583892617,0.05704697986577181,0.053691275167785234,0.053691275167785234,0.06375838926174497,0.07718120805369127,0.05704697986577181,0.07046979865771812,0.030201342281879196,0.013422818791946308,0.053691275167785234,0.13087248322147652,0.053691275167785234,0.03355704697986577
3kr8,0.04583333333333333,0.10416666666666667,0.03333333333333333,0.07916666666666666,0.020833333333333332,0.07916666666666666,0.05,0.0375,0.029166666666666667,0.058333333333333334,0.03333333333333333,0.05,0.07083333333333333,0.04583333333333333,0.0375,0.004166666666666667,0.04583333333333333,0.0625,0.058333333333333334,0.05416666666666667
1gpk,0.0446927374301676,0.08193668528864059,0.027932960893854747,0.08007448789571694,0.0148975791433892,0.0260707635009311,0.06517690875232775,0.040968342644320296,0.048417132216014895,0.03910614525139665,0.0595903165735568,0.074487895716946,0.0633147113594041,0.04655493482309125,0.0297951582867784,0.0260707635009311,0.0633147113594041,0.09124767225325885,0.0446927374301676,0.03165735567970205
4qd6,0.05639097744360902,0.06766917293233082,0.03383458646616541,0.08646616541353383,0.03007518796992481,0.022556390977443608,0.022556390977443608,0.03759398496240601,0.045112781954887216,0.045112781954887216,0.03383458646616541,0.08270676691729323,0.10150375939849623,0.045112781954887216,0.03383458646616541,0.018796992481203006,0.05639097744360902,0.09774436090225563,0.05263157894736842,0.03007518796992481
2zb1,0.06944444444444445,0.041666666666666664,0.030555555555555555,0.05555555555555555,0.011111111111111112,0.03333333333333333,0.03888888888888889,0.05277777777777778,0.075,0.06111111111111111,0.04722222222222222,0.06111111111111111,0.06388888888888888,0.05277777777777778,0.041666666666666664,0.013888888888888888,0.03611111111111111,0.11944444444444445,0.05277777777777778,0.041666666666666664
3rsx,0.058394160583941604,0.0851581508515815,0.019464720194647202,0.07542579075425791,0.014598540145985401,0.0170316301703163,0.0364963503649635,0.06082725060827251,0.05596107055961071,0.058394160583941604,0.05596107055961071,0.0827250608272506,0.0681265206812652,0.0413625304136253,0.0413625304136253,0.0170316301703163,0.04866180048661801,0.072992700729927,0.043795620437956206,0.046228710462287104
2vvn,0.06784260515603799,0.054274084124830396,0.023066485753052916,0.051560379918588875,0.0067842605156037995,0.017639077340569877,0.06241519674355495,0.048846675712347354,0.054274084124830396,0.05834464043419267,0.052917232021709636,0.06512890094979647,0.07191316146540028,0.08412483039348712,0.054274084124830396,0.021709633649932156,0.037991858887381276,0.0814111261872456,0.037991858887381276,0.04748982360922659
5dwr,0.04573170731707317,0.0701219512195122,0.012195121951219513,0.0701219512195122,0.018292682926829267,0.057926829268292686,0.024390243902439025,0.024390243902439025,0.06097560975609756,0.057926829268292686,0.06097560975609756,0.0701219512195122,0.07621951219512195,0.036585365853658534,0.036585365853658534,0.021341463414634148,0.04573170731707317,0.12195121951219512,0.06707317073170732,0.021341463414634148
2xnb,0.06375838926174497,0.053691275167785234,0.016778523489932886,0.04697986577181208,0.010067114093959731,0.03355704697986577,0.026845637583892617,0.05704697986577181,0.053691275167785234,0.053691275167785234,0.06375838926174497,0.07718120805369127,0.05704697986577181,0.07046979865771812,0.030201342281879196,0.013422818791946308,0.053691275167785234,0.13087248322147652,0.053691275167785234,0.03355704697986577
4w9i,0.049586776859504134,0.05234159779614325,0.027548209366391185,0.06060606060606061,0.01652892561983471,0.024793388429752067,0.03581267217630854,0.06060606060606061,0.05785123966942149,0.049586776859504134,0.07713498622589532,0.07162534435261708,0.07713498622589532,0.04132231404958678,0.03581267217630854,0.005509641873278237,0.049586776859504134,0.10192837465564739,0.07713498622589532,0.027548209366391185
3bv9,0.05067567567567568,0.08108108108108109,0.02364864864864865,0.05405405405405406,0.02702702702702703,0.016891891891891893,0.037162162162162164,0.037162162162162164,0.06418918918918919,0.057432432432432436,0.05405405405405406,0.057432432432432436,0.07094594594594594,0.07432432432432433,0.02702702702702703,0.030405405405405407,0.037162162162162164,0.08445945945945946,0.07094594594594594,0.037162162162162164
1q8t,0.07027027027027027,0.06486486486486487,0.01891891891891892,0.04594594594594595,0.005405405405405406,0.02702702702702703,0.04864864864864865,0.04594594594594595,0.05405405405405406,0.062162162162162166,0.03783783783783784,0.05405405405405406,0.07297297297297298,0.0918918918918919,0.03783783783783784,0.016216216216216217,0.07027027027027027,0.08648648648648649,0.04864864864864865,0.04054054054054054
3b1m,0.06291390728476821,0.04304635761589404,0.033112582781456956,0.059602649006622516,0.0033112582781456954,0.039735099337748346,0.029801324503311258,0.046357615894039736,0.059602649006622516,0.0695364238410596,0.04304635761589404,0.046357615894039736,0.0728476821192053,0.08609271523178808,0.056291390728476824,0.0,0.04966887417218543,0.1423841059602649,0.029801324503311258,0.026490066225165563
3o9i,0.030303030303030304,0.13131313131313133,0.020202020202020204,0.0,0.020202020202020204,0.010101010101010102,0.04040404040404041,0.08080808080808081,0.04040404040404041,0.13131313131313133,0.0707070707070707,0.06060606060606061,0.04040404040404041,0.0707070707070707,0.050505050505050504,0.020202020202020204,0.020202020202020204,0.1111111111111111,0.04040404040404041,0.010101010101010102
2c3i,0.04361370716510903,0.07476635514018691,0.012461059190031152,0.07476635514018691,0.018691588785046728,0.04361370716510903,0.024922118380062305,0.024922118380062305,0.06230529595015576,0.059190031152647975,0.06230529595015576,0.06853582554517133,0.07476635514018691,0.040498442367601244,0.03426791277258567,0.021806853582554516,0.04361370716510903,0.11838006230529595,0.07476635514018691,0.021806853582554516
3gv9,0.10335195530726257,0.08100558659217877,0.01675977653631285,0.05027932960893855,0.0,0.013966480446927373,0.0446927374301676,0.06424581005586592,0.03910614525139665,0.061452513966480445,0.07262569832402235,0.061452513966480445,0.04189944134078212,0.05865921787709497,0.06983240223463687,0.036312849162011177,0.025139664804469275,0.08659217877094973,0.030726256983240222,0.04189944134078212
4twp,0.07011070110701106,0.055350553505535055,0.04428044280442804,0.05166051660516605,0.01845018450184502,0.02214022140221402,0.033210332103321034,0.05166051660516605,0.04059040590405904,0.04797047970479705,0.04059040590405904,0.06642066420664207,0.1033210332103321,0.07011070110701106,0.02952029520295203,0.025830258302583026,0.04059040590405904,0.09225092250922509,0.04059040590405904,0.055350553505535055
2j78,0.0641025641025641,0.08333333333333333,0.014957264957264958,0.049145299145299144,0.002136752136752137,0.0405982905982906,0.053418803418803416,0.027777777777777776,0.06196581196581197,0.0641025641025641,0.04700854700854701,0.08333333333333333,0.07264957264957266,0.06196581196581197,0.019230769230769232,0.03205128205128205,0.053418803418803416,0.0641025641025641,0.049145299145299144,0.05555555555555555
3f3c,0.10404624277456648,0.08670520231213873,0.025048169556840076,0.03468208092485549,0.0,0.011560693641618497,0.02697495183044316,0.05202312138728324,0.023121387283236993,0.10404624277456648,0.04816955684007707,0.07129094412331406,0.046242774566473986,0.036608863198458574,0.011560693641618497,0.030828516377649325,0.09633911368015415,0.11753371868978806,0.04046242774566474,0.03275529865125241
3r88,0.1883289124668435,0.11140583554376658,0.01856763925729443,0.05570291777188329,0.005305039787798408,0.034482758620689655,0.023872679045092837,0.050397877984084884,0.058355437665782495,0.03183023872679045,0.050397877984084884,0.09283819628647215,0.03713527851458886,0.010610079575596816,0.023872679045092837,0.015915119363395226,0.029177718832891247,0.08753315649867374,0.07161803713527852,0.002652519893899204
2qbq,0.043478260869565216,0.046822742474916385,0.03678929765886288,0.0802675585284281,0.020066889632107024,0.030100334448160536,0.033444816053511704,0.043478260869565216,0.06020066889632107,0.05351170568561873,0.04013377926421405,0.05351170568561873,0.0903010033444816,0.07357859531772576,0.046822742474916385,0.020066889632107024,0.046822742474916385,0.09364548494983277,0.056856187290969896,0.030100334448160536
3jya,0.030612244897959183,0.07142857142857142,0.013605442176870748,0.07142857142857142,0.017006802721088437,0.05782312925170068,0.02040816326530612,0.023809523809523808,0.06802721088435375,0.061224489795918366,0.05782312925170068,0.0782312925170068,0.08163265306122448,0.034013605442176874,0.03741496598639456,0.023809523809523808,0.047619047619047616,0.10884353741496598,0.07142857142857142,0.023809523809523808
3b65,0.05220883534136546,0.03614457831325301,0.05220883534136546,0.06827309236947791,0.020080321285140562,0.0321285140562249,0.04417670682730924,0.024096385542168676,0.04417670682730924,0.060240963855421686,0.04819277108433735,0.07630522088353414,0.04819277108433735,0.05622489959839357,0.05622489959839357,0.01606425702811245,0.06827309236947791,0.11244979919678715,0.05622489959839357,0.028112449799196786
4ih7,0.0912280701754386,0.05789473684210526,0.021052631578947368,0.08596491228070176,0.03333333333333333,0.02456140350877193,0.031578947368421054,0.06666666666666667,0.0456140350877193,0.04035087719298246,0.05263157894736842,0.06666666666666667,0.0456140350877193,0.056140350877192984,0.02982456140350877,0.015789473684210527,0.02456140350877193,0.10175438596491228,0.06842105263157895,0.04035087719298246
4owm,0.18783068783068782,0.1111111111111111,0.021164021164021163,0.05555555555555555,0.005291005291005291,0.03439153439153439,0.023809523809523808,0.05026455026455026,0.0582010582010582,0.031746031746031744,0.05026455026455026,0.09259259259259259,0.037037037037037035,0.010582010582010581,0.023809523809523808,0.015873015873015872,0.0291005291005291,0.0873015873015873,0.07142857142857142,0.0026455026455026454
2zda,0.042483660130718956,0.08823529411764706,0.02287581699346405,0.05555555555555555,0.026143790849673203,0.016339869281045753,0.03594771241830065,0.0392156862745098,0.06535947712418301,0.058823529411764705,0.05228758169934641,0.05555555555555555,0.08169934640522876,0.0718954248366013,0.026143790849673203,0.029411764705882353,0.0392156862745098,0.08496732026143791,0.06862745098039216,0.0392156862745098
4rfm,0.06390977443609022,0.06766917293233082,0.03383458646616541,0.09022556390977443,0.02631578947368421,0.022556390977443608,0.022556390977443608,0.03759398496240601,0.045112781954887216,0.045112781954887216,0.03383458646616541,0.08270676691729323,0.09022556390977443,0.045112781954887216,0.03383458646616541,0.018796992481203006,0.05639097744360902,0.09774436090225563,0.05263157894736842,0.03383458646616541
1owh,0.04081632653061224,0.08571428571428572,0.024489795918367346,0.08163265306122448,0.044897959183673466,0.036734693877551024,0.024489795918367346,0.07755102040816327,0.044897959183673466,0.0653061224489796,0.04897959183673469,0.04897959183673469,0.04897959183673469,0.053061224489795916,0.04897959183673469,0.02040816326530612,0.02857142857142857,0.07346938775510205,0.053061224489795916,0.04897959183673469
3prs,0.08787878787878788,0.11515151515151516,0.0,0.1484848484848485,0.006060606060606061,0.0030303030303030303,0.01818181818181818,0.14242424242424243,0.06363636363636363,0.05454545454545454,0.03939393939393939,0.0696969696969697,0.015151515151515152,0.03333333333333333,0.02727272727272727,0.015151515151515152,0.06060606060606061,0.05757575757575758,0.0030303030303030303,0.03939393939393939
4eky,0.07636363636363637,0.05818181818181818,0.025454545454545455,0.03272727272727273,0.01090909090909091,0.02666666666666667,0.055757575757575756,0.04363636363636364,0.05696969696969697,0.059393939393939395,0.04,0.07515151515151515,0.07636363636363637,0.05454545454545454,0.03515151515151515,0.014545454545454545,0.04606060606060606,0.09454545454545454,0.07393939393939394,0.04363636363636364
2xys,0.04608294930875576,0.04608294930875576,0.02304147465437788,0.09216589861751152,0.018433179723502304,0.009216589861751152,0.041474654377880185,0.07834101382488479,0.08755760368663594,0.041474654377880185,0.055299539170506916,0.08755760368663594,0.041474654377880185,0.03686635944700461,0.05069124423963134,0.018433179723502304,0.05069124423963134,0.07373271889400922,0.05069124423963134,0.05069124423963134
4kz6,0.10335195530726257,0.08100558659217877,0.01675977653631285,0.05027932960893855,0.0,0.013966480446927373,0.0446927374301676,0.06424581005586592,0.03910614525139665,0.061452513966480445,0.07262569832402235,0.061452513966480445,0.04189944134078212,0.05865921787709497,0.06983240223463687,0.036312849162011177,0.025139664804469275,0.08659217877094973,0.030726256983240222,0.04189944134078212
4agn,0.0410958904109589,0.0684931506849315,0.0228310502283105,0.091324200913242,0.0502283105022831,0.0410958904109589,0.0410958904109589,0.0730593607305936,0.0410958904109589,0.0273972602739726,0.0821917808219178,0.0639269406392694,0.0593607305936073,0.0365296803652968,0.0319634703196347,0.0045662100456621,0.0228310502283105,0.0776255707762557,0.0867579908675799,0.0365296803652968
4gr0,0.07547169811320754,0.11949685534591195,0.025157232704402517,0.05660377358490566,0.0,0.05660377358490566,0.0440251572327044,0.06289308176100629,0.0880503144654088,0.06918238993710692,0.03773584905660377,0.05660377358490566,0.025157232704402517,0.0440251572327044,0.012578616352201259,0.018867924528301886,0.06289308176100629,0.05660377358490566,0.0440251572327044,0.0440251572327044
3acw,0.08532423208191127,0.027303754266211604,0.030716723549488054,0.040955631399317405,0.010238907849829351,0.04436860068259386,0.03754266211604096,0.030716723549488054,0.07508532423208192,0.09215017064846416,0.013651877133105802,0.06143344709897611,0.07849829351535836,0.06825938566552901,0.05802047781569966,0.006825938566552901,0.05460750853242321,0.06143344709897611,0.051194539249146756,0.07167235494880546
4ivc,0.03642384105960265,0.0728476821192053,0.023178807947019868,0.052980132450331126,0.026490066225165563,0.026490066225165563,0.04304635761589404,0.046357615894039736,0.059602649006622516,0.052980132450331126,0.04966887417218543,0.059602649006622516,0.08278145695364239,0.09602649006622517,0.03642384105960265,0.009933774834437087,0.039735099337748346,0.09933774834437085,0.04304635761589404,0.04304635761589404
1y6r,0.13636363636363635,0.09504132231404959,0.02066115702479339,0.05371900826446281,0.02066115702479339,0.028925619834710745,0.0371900826446281,0.0371900826446281,0.05371900826446281,0.0743801652892562,0.028925619834710745,0.08677685950413223,0.06611570247933884,0.045454545454545456,0.0371900826446281,0.0,0.04132231404958678,0.09504132231404959,0.024793388429752067,0.01652892561983471
1eby,0.030303030303030304,0.13131313131313133,0.020202020202020204,0.0,0.020202020202020204,0.010101010101010102,0.04040404040404041,0.08080808080808081,0.04040404040404041,0.13131313131313133,0.06060606060606061,0.06060606060606061,0.04040404040404041,0.06060606060606061,0.06060606060606061,0.020202020202020204,0.020202020202020204,0.12121212121212122,0.04040404040404041,0.010101010101010102
2j7h,0.0641025641025641,0.08333333333333333,0.014957264957264958,0.049145299145299144,0.002136752136752137,0.0405982905982906,0.053418803418803416,0.027777777777777776,0.06196581196581197,0.0641025641025641,0.04700854700854701,0.08333333333333333,0.07264957264957266,0.06196581196581197,0.019230769230769232,0.03205128205128205,0.053418803418803416,0.0641025641025641,0.049145299145299144,0.05555555555555555
