protein,A,G,M,S,C,H,N,T,D,I,P,V,E,K,Q,W,F,L,R,Y
2pog,0.06048387096774194,0.04032258064516129,0.06048387096774194,0.08064516129032258,0.004032258064516129,0.05241935483870968,0.036290322580645164,0.04032258064516129,0.05241935483870968,0.04838709677419355,0.03225806451612903,0.05241935483870968,0.06048387096774194,0.04435483870967742,0.036290322580645164,0.012096774193548387,0.028225806451612902,0.1935483870967742,0.04435483870967742,0.020161290322580645
1s39,0.09844559585492228,0.08549222797927461,0.04404145077720207,0.07772020725388601,0.012953367875647668,0.025906735751295335,0.02072538860103627,0.046632124352331605,0.06217616580310881,0.05699481865284974,0.04404145077720207,0.046632124352331605,0.06217616580310881,0.03626943005181347,0.04404145077720207,0.010362694300518135,0.05181347150259067,0.06994818652849741,0.08290155440414508,0.02072538860103627
2qnq,0.030303030303030304,0.13131313131313133,0.020202020202020204,0.010101010101010102,0.020202020202020204,0.010101010101010102,0.030303030303030304,0.08080808080808081,0.04040404040404041,0.13131313131313133,0.06060606060606061,0.06060606060606061,0.04040404040404041,0.06060606060606061,0.06060606060606061,0.020202020202020204,0.020202020202020204,0.12121212121212122,0.04040404040404041,0.010101010101010102
1nli,0.12096774193548387,0.04435483870967742,0.020161290322580645,0.10483870967741936,0.0,0.004032258064516129,0.07661290322580645,0.06451612903225806,0.036290322580645164,0.07661290322580645,0.03225806451612903,0.06048387096774194,0.03225806451612903,0.04032258064516129,0.04032258064516129,0.004032258064516129,0.036290322580645164,0.10080645161290322,0.05241935483870968,0.05241935483870968
2jbj,0.06789250353606789,0.07920792079207921,0.019801980198019802,0.07920792079207921,0.004243281471004243,0.021216407355021217,0.05233380480905234,0.039603960396039604,0.04950495049504951,0.05374823196605375,0.06364922206506365,0.06506364922206506,0.06647807637906648,0.06364922206506365,0.028288543140028287,0.014144271570014143,0.056577086280056574,0.07496463932107496,0.04526166902404526,0.055162659123055166
1i7z,0.06605922551252848,0.0774487471526196,0.00683371298405467,0.13439635535307518,0.022779043280182234,0.01366742596810934,0.0387243735763098,0.09111617312072894,0.03416856492027335,0.022779043280182234,0.06150341685649203,0.07289293849658314,0.04328018223234624,0.06605922551252848,0.04555808656036447,0.018223234624145785,0.03644646924829157,0.0774487471526196,0.02050113895216401,0.05011389521640091
1f74,0.08532423208191127,0.08873720136518772,0.027303754266211604,0.04436860068259386,0.006825938566552901,0.013651877133105802,0.04436860068259386,0.051194539249146756,0.04778156996587031,0.07508532423208192,0.023890784982935155,0.05802047781569966,0.08191126279863481,0.09215017064846416,0.023890784982935155,0.0034129692832764505,0.051194539249146756,0.10921501706484642,0.027303754266211604,0.04436860068259386
1uld,0.08,0.06,0.006666666666666667,0.08,0.0,0.02666666666666667,0.09333333333333334,0.03333333333333333,0.03333333333333333,0.08,0.08,0.06666666666666667,0.05333333333333334,0.04666666666666667,0.02,0.006666666666666667,0.06666666666666667,0.07333333333333333,0.05333333333333334,0.04
2p09,0.024691358024691357,0.037037037037037035,0.037037037037037035,0.04938271604938271,0.04938271604938271,0.037037037037037035,0.07407407407407407,0.04938271604938271,0.13580246913580246,0.06172839506172839,0.024691358024691357,0.06172839506172839,0.012345679012345678,0.13580246913580246,0.0,0.037037037037037035,0.012345679012345678,0.037037037037037035,0.06172839506172839,0.06172839506172839
1ec1,0.030303030303030304,0.13131313131313133,0.020202020202020204,0.010101010101010102,0.020202020202020204,0.010101010101010102,0.030303030303030304,0.08080808080808081,0.04040404040404041,0.13131313131313133,0.06060606060606061,0.06060606060606061,0.04040404040404041,0.06060606060606061,0.06060606060606061,0.020202020202020204,0.020202020202020204,0.12121212121212122,0.04040404040404041,0.010101010101010102
2buv,0.07111111111111111,0.08666666666666667,0.008888888888888889,0.044444444444444446,0.006666666666666667,0.022222222222222223,0.06,0.05333333333333334,0.06888888888888889,0.07555555555555556,0.057777777777777775,0.051111111111111114,0.05555555555555555,0.035555555555555556,0.051111111111111114,0.022222222222222223,0.051111111111111114,0.06888888888888889,0.07111111111111111,0.03777777777777778
2qhy,0.030303030303030304,0.13131313131313133,0.020202020202020204,0.0,0.020202020202020204,0.010101010101010102,0.04040404040404041,0.08080808080808081,0.04040404040404041,0.13131313131313133,0.0707070707070707,0.06060606060606061,0.04040404040404041,0.0707070707070707,0.050505050505050504,0.020202020202020204,0.020202020202020204,0.1111111111111111,0.04040404040404041,0.010101010101010102
2fqt,0.07006369426751592,0.05732484076433121,0.03184713375796178,0.044585987261146494,0.025477707006369428,0.050955414012738856,0.025477707006369428,0.050955414012738856,0.07006369426751592,0.05732484076433121,0.044585987261146494,0.08280254777070063,0.08917197452229299,0.07006369426751592,0.03821656050955414,0.006369426751592357,0.044585987261146494,0.08280254777070063,0.03184713375796178,0.025477707006369428
2uwl,0.04896907216494845,0.09020618556701031,0.01804123711340206,0.05154639175257732,0.061855670103092786,0.020618556701030927,0.03608247422680412,0.07731958762886598,0.05154639175257732,0.03865979381443299,0.03350515463917526,0.05154639175257732,0.10051546391752578,0.07989690721649484,0.03865979381443299,0.01288659793814433,0.04381443298969072,0.059278350515463915,0.05154639175257732,0.03350515463917526
2e2p,0.09364548494983277,0.11705685618729098,0.026755852842809364,0.05351170568561873,0.010033444816053512,0.010033444816053512,0.04013377926421405,0.04013377926421405,0.06020066889632107,0.0802675585284281,0.016722408026755852,0.09364548494983277,0.06354515050167224,0.08695652173913043,0.013377926421404682,0.013377926421404682,0.026755852842809364,0.0903010033444816,0.026755852842809364,0.03678929765886288
2v7u,0.11705685618729098,0.09364548494983277,0.020066889632107024,0.05351170568561873,0.010033444816053512,0.023411371237458192,0.030100334448160536,0.07357859531772576,0.043478260869565216,0.056856187290969896,0.06688963210702341,0.07692307692307693,0.07357859531772576,0.020066889632107024,0.016722408026755852,0.010033444816053512,0.03678929765886288,0.07023411371237458,0.06354515050167224,0.043478260869565216
2cjp,0.08841463414634146,0.07317073170731707,0.01524390243902439,0.039634146341463415,0.003048780487804878,0.057926829268292686,0.03353658536585366,0.03048780487804878,0.039634146341463415,0.057926829268292686,0.06402439024390244,0.08536585365853659,0.07926829268292683,0.0701219512195122,0.018292682926829267,0.021341463414634148,0.054878048780487805,0.09146341463414634,0.03048780487804878,0.04573170731707317
1hnn,0.11347517730496454,0.0851063829787234,0.014184397163120567,0.06028368794326241,0.02127659574468085,0.02127659574468085,0.024822695035460994,0.03900709219858156,0.04964539007092199,0.028368794326241134,0.07092198581560284,0.07092198581560284,0.06382978723404255,0.024822695035460994,0.04964539007092199,0.02127659574468085,0.031914893617021274,0.1099290780141844,0.07092198581560284,0.028368794326241134
2v8q,0.06097560975609756,0.0313588850174216,0.02264808362369338,0.0975609756097561,0.012195121951219513,0.0313588850174216,0.036585365853658534,0.05749128919860627,0.047038327526132406,0.0627177700348432,0.05400696864111498,0.08710801393728224,0.06445993031358885,0.06445993031358885,0.033101045296167246,0.006968641114982578,0.036585365853658534,0.10104529616724739,0.04878048780487805,0.04355400696864112
3d51,0.05071770334928229,0.06028708133971292,0.026794258373205742,0.07272727272727272,0.010526315789473684,0.04784688995215311,0.03732057416267943,0.05454545454545454,0.06220095693779904,0.03923444976076555,0.06028708133971292,0.06985645933014355,0.05071770334928229,0.049760765550239235,0.05454545454545454,0.020095693779904306,0.0430622009569378,0.09665071770334928,0.05645933014354067,0.03636363636363636
2rca,0.07534246575342465,0.08561643835616438,0.023972602739726026,0.08904109589041095,0.023972602739726026,0.03424657534246575,0.02054794520547945,0.0547945205479452,0.0684931506849315,0.0410958904109589,0.05821917808219178,0.05821917808219178,0.04452054794520548,0.0410958904109589,0.017123287671232876,0.010273972602739725,0.0547945205479452,0.10616438356164383,0.06164383561643835,0.030821917808219176
2byr,0.05286343612334802,0.04405286343612335,0.022026431718061675,0.09251101321585903,0.01762114537444934,0.013215859030837005,0.039647577092511016,0.07488986784140969,0.1013215859030837,0.039647577092511016,0.05286343612334802,0.07488986784140969,0.039647577092511016,0.04405286343612335,0.048458149779735685,0.01762114537444934,0.048458149779735685,0.07488986784140969,0.048458149779735685,0.05286343612334802
2r6w,0.06048387096774194,0.04032258064516129,0.06048387096774194,0.08064516129032258,0.004032258064516129,0.05241935483870968,0.036290322580645164,0.04032258064516129,0.05241935483870968,0.04838709677419355,0.03225806451612903,0.05241935483870968,0.06048387096774194,0.04435483870967742,0.036290322580645164,0.012096774193548387,0.028225806451612902,0.1935483870967742,0.04435483870967742,0.020161290322580645
2r75,0.07988165680473373,0.09467455621301775,0.020710059171597635,0.038461538461538464,0.0029585798816568047,0.029585798816568046,0.026627218934911243,0.05917159763313609,0.05621301775147929,0.09467455621301775,0.03550295857988166,0.10059171597633136,0.10650887573964497,0.08579881656804733,0.014792899408284023,0.0029585798816568047,0.03254437869822485,0.06804733727810651,0.038461538461538464,0.011834319526627219
1y93,0.07547169811320754,0.11949685534591195,0.025157232704402517,0.05660377358490566,0.0,0.05660377358490566,0.0440251572327044,0.06289308176100629,0.0880503144654088,0.06918238993710692,0.03773584905660377,0.05660377358490566,0.025157232704402517,0.0440251572327044,0.012578616352201259,0.018867924528301886,0.06289308176100629,0.05660377358490566,0.0440251572327044,0.0440251572327044
2vw5,0.06074766355140187,0.056074766355140186,0.02336448598130841,0.0794392523364486,0.0,0.004672897196261682,0.037383177570093455,0.056074766355140186,0.056074766355140186,0.09345794392523364,0.02336448598130841,0.06542056074766354,0.102803738317757,0.07009345794392523,0.04205607476635514,0.004672897196261682,0.0514018691588785,0.09813084112149532,0.04672897196261682,0.028037383177570093
2qi5,0.030303030303030304,0.13131313131313133,0.020202020202020204,0.0,0.020202020202020204,0.010101010101010102,0.04040404040404041,0.08080808080808081,0.04040404040404041,0.13131313131313133,0.0707070707070707,0.06060606060606061,0.04040404040404041,0.0707070707070707,0.050505050505050504,0.020202020202020204,0.020202020202020204,0.1111111111111111,0.04040404040404041,0.010101010101010102
2fxu,0.07733333333333334,0.07466666666666667,0.042666666666666665,0.06133333333333333,0.013333333333333334,0.024,0.032,0.072,0.058666666666666666,0.08,0.050666666666666665,0.056,0.07466666666666667,0.050666666666666665,0.029333333333333333,0.010666666666666666,0.032,0.06933333333333333,0.048,0.042666666666666665
1o5a,0.04710144927536232,0.08333333333333333,0.021739130434782608,0.07608695652173914,0.043478260869565216,0.03260869565217391,0.025362318840579712,0.07246376811594203,0.03985507246376811,0.057971014492753624,0.057971014492753624,0.043478260869565216,0.057971014492753624,0.06521739130434782,0.04710144927536232,0.018115942028985508,0.03260869565217391,0.07971014492753623,0.05434782608695652,0.043478260869565216
1ws4,0.032679738562091505,0.13071895424836602,0.013071895424836602,0.09803921568627451,0.0,0.006535947712418301,0.05228758169934641,0.0718954248366013,0.0457516339869281,0.0718954248366013,0.0457516339869281,0.08823529411764706,0.0392156862745098,0.05555555555555555,0.026143790849673203,0.013071895424836602,0.06535947712418301,0.058823529411764705,0.013071895424836602,0.0718954248366013
1ukb,0.08156028368794327,0.0851063829787234,0.024822695035460994,0.06382978723404255,0.0035460992907801418,0.024822695035460994,0.04609929078014184,0.04609929078014184,0.06028368794326241,0.07446808510638298,0.04609929078014184,0.0673758865248227,0.0673758865248227,0.02127659574468085,0.028368794326241134,0.01773049645390071,0.04609929078014184,0.09219858156028368,0.07092198581560284,0.031914893617021274
2reg,0.09731543624161074,0.09731543624161074,0.02348993288590604,0.0436241610738255,0.006711409395973154,0.030201342281879196,0.050335570469798654,0.0738255033557047,0.07718120805369127,0.04697986577181208,0.0436241610738255,0.06711409395973154,0.08053691275167785,0.06711409395973154,0.016778523489932886,0.016778523489932886,0.030201342281879196,0.08389261744966443,0.020134228187919462,0.026845637583892617
2oag,0.048209366391184574,0.05509641873278237,0.01928374655647383,0.0881542699724518,0.01652892561983471,0.026170798898071626,0.05371900826446281,0.06198347107438017,0.05922865013774105,0.06473829201101929,0.03581267217630854,0.06060606060606061,0.05509641873278237,0.05096418732782369,0.04132231404958678,0.027548209366391185,0.04269972451790634,0.0743801652892562,0.04132231404958678,0.07713498622589532
2d3u,0.0912280701754386,0.05789473684210526,0.021052631578947368,0.08771929824561403,0.03333333333333333,0.02280701754385965,0.031578947368421054,0.06666666666666667,0.0456140350877193,0.04035087719298246,0.05263157894736842,0.06666666666666667,0.0456140350877193,0.056140350877192984,0.031578947368421054,0.015789473684210527,0.02456140350877193,0.10175438596491228,0.06666666666666667,0.04035087719298246
1s38,0.09844559585492228,0.08549222797927461,0.04404145077720207,0.07772020725388601,0.012953367875647668,0.025906735751295335,0.02072538860103627,0.046632124352331605,0.06217616580310881,0.05699481865284974,0.04404145077720207,0.046632124352331605,0.06217616580310881,0.03626943005181347,0.04404145077720207,0.010362694300518135,0.05181347150259067,0.06994818652849741,0.08290155440414508,0.02072538860103627
2oym,0.10395010395010396,0.10602910602910603,0.02286902286902287,0.058212058212058215,0.004158004158004158,0.029106029106029108,0.02702702702702703,0.07276507276507277,0.079002079002079,0.035343035343035345,0.07692307692307693,0.06860706860706861,0.04365904365904366,0.014553014553014554,0.035343035343035345,0.02494802494802495,0.02286902286902287,0.07276507276507277,0.058212058212058215,0.04365904365904366
2qeh,0.034482758620689655,0.041379310344827586,0.034482758620689655,0.027586206896551724,0.04827586206896552,0.041379310344827586,0.027586206896551724,0.041379310344827586,0.07586206896551724,0.05517241379310345,0.041379310344827586,0.06896551724137931,0.0896551724137931,0.10344827586206896,0.034482758620689655,0.0,0.034482758620689655,0.0896551724137931,0.06206896551724138,0.04827586206896552
1duv,0.1111111111111111,0.07807807807807808,0.036036036036036036,0.04504504504504504,0.012012012012012012,0.02702702702702703,0.03903903903903904,0.06606606606606606,0.04804804804804805,0.03303303303303303,0.02702702702702703,0.06006006006006006,0.08408408408408409,0.06606606606606606,0.042042042042042045,0.012012012012012012,0.03903903903903904,0.10810810810810811,0.036036036036036036,0.03003003003003003
2pjo,0.08955223880597014,0.06343283582089553,0.014925373134328358,0.0708955223880597,0.007462686567164179,0.014925373134328358,0.06343283582089553,0.06343283582089553,0.029850746268656716,0.08582089552238806,0.055970149253731345,0.055970149253731345,0.055970149253731345,0.007462686567164179,0.05223880597014925,0.0037313432835820895,0.05223880597014925,0.08208955223880597,0.07835820895522388,0.05223880597014925
3b92,0.0694980694980695,0.07722007722007722,0.02702702702702703,0.06177606177606178,0.023166023166023165,0.03088803088803089,0.05405405405405406,0.05405405405405406,0.06563706563706563,0.05019305019305019,0.04247104247104247,0.04633204633204633,0.07722007722007722,0.08108108108108109,0.03861003861003861,0.007722007722007722,0.03474903474903475,0.06563706563706563,0.03088803088803089,0.06177606177606178
2hr6,0.07894736842105263,0.11842105263157894,0.039473684210526314,0.05263157894736842,0.006578947368421052,0.02631578947368421,0.02631578947368421,0.046052631578947366,0.07894736842105263,0.06578947368421052,0.05921052631578947,0.07236842105263158,0.039473684210526314,0.03289473684210526,0.046052631578947366,0.006578947368421052,0.039473684210526314,0.10526315789473684,0.046052631578947366,0.013157894736842105
1b6m,0.050505050505050504,0.13131313131313133,0.020202020202020204,0.0,0.0,0.010101010101010102,0.04040404040404041,0.08080808080808081,0.04040404040404041,0.13131313131313133,0.0707070707070707,0.0707070707070707,0.04040404040404041,0.0707070707070707,0.050505050505050504,0.020202020202020204,0.020202020202020204,0.10101010101010101,0.04040404040404041,0.010101010101010102
2r5p,0.04040404040404041,0.13131313131313133,0.020202020202020204,0.010101010101010102,0.020202020202020204,0.0,0.030303030303030304,0.0707070707070707,0.04040404040404041,0.15151515151515152,0.06060606060606061,0.0707070707070707,0.04040404040404041,0.08080808080808081,0.050505050505050504,0.020202020202020204,0.020202020202020204,0.09090909090909091,0.04040404040404041,0.010101010101010102
2nta,0.043478260869565216,0.046822742474916385,0.03678929765886288,0.0802675585284281,0.020066889632107024,0.030100334448160536,0.033444816053511704,0.043478260869565216,0.06354515050167224,0.05351170568561873,0.04013377926421405,0.05351170568561873,0.08695652173913043,0.07357859531772576,0.046822742474916385,0.020066889632107024,0.046822742474916385,0.09364548494983277,0.056856187290969896,0.030100334448160536
2p95,0.055944055944055944,0.0944055944055944,0.017482517482517484,0.04895104895104895,0.055944055944055944,0.02097902097902098,0.03496503496503497,0.08041958041958042,0.05244755244755245,0.04895104895104895,0.03146853146853147,0.06293706293706294,0.07692307692307693,0.06993006993006994,0.04195804195804196,0.013986013986013986,0.045454545454545456,0.05944055944055944,0.05244755244755245,0.03496503496503497
2fpz,0.05714285714285714,0.08571428571428572,0.0163265306122449,0.04081632653061224,0.0326530612244898,0.04897959183673469,0.02040816326530612,0.044897959183673466,0.061224489795918366,0.044897959183673466,0.09387755102040816,0.10204081632653061,0.036734693877551024,0.036734693877551024,0.053061224489795916,0.036734693877551024,0.0163265306122449,0.08163265306122448,0.04897959183673469,0.04081632653061224
3czv,0.05303030303030303,0.06818181818181818,0.003787878787878788,0.11363636363636363,0.003787878787878788,0.045454545454545456,0.03409090909090909,0.041666666666666664,0.06060606060606061,0.05303030303030303,0.06818181818181818,0.06060606060606061,0.05303030303030303,0.06060606060606061,0.041666666666666664,0.026515151515151516,0.041666666666666664,0.09848484848484848,0.041666666666666664,0.030303030303030304
2q6m,0.10849056603773585,0.08962264150943396,0.014150943396226415,0.0330188679245283,0.0,0.04245283018867924,0.04716981132075472,0.08490566037735849,0.02358490566037736,0.06132075471698113,0.05660377358490566,0.07075471698113207,0.1179245283018868,0.0330188679245283,0.02830188679245283,0.014150943396226415,0.014150943396226415,0.05188679245283019,0.06132075471698113,0.04716981132075472
1y0l,0.06561085972850679,0.07918552036199095,0.004524886877828055,0.13122171945701358,0.02262443438914027,0.01583710407239819,0.04072398190045249,0.083710407239819,0.04072398190045249,0.027149321266968326,0.049773755656108594,0.08144796380090498,0.04751131221719457,0.058823529411764705,0.033936651583710405,0.01809954751131222,0.033936651583710405,0.09049773755656108,0.033936651583710405,0.04072398190045249
2qi4,0.030303030303030304,0.13131313131313133,0.020202020202020204,0.0,0.020202020202020204,0.010101010101010102,0.04040404040404041,0.08080808080808081,0.04040404040404041,0.13131313131313133,0.0707070707070707,0.06060606060606061,0.04040404040404041,0.0707070707070707,0.050505050505050504,0.020202020202020204,0.020202020202020204,0.1111111111111111,0.04040404040404041,0.010101010101010102
2fw6,0.18032786885245902,0.07650273224043716,0.03825136612021858,0.08196721311475409,0.00546448087431694,0.01639344262295082,0.0273224043715847,0.060109289617486336,0.03825136612021858,0.0546448087431694,0.07103825136612021,0.060109289617486336,0.0546448087431694,0.02185792349726776,0.01639344262295082,0.01639344262295082,0.0,0.12021857923497267,0.04918032786885246,0.01092896174863388
2b1q,0.0778688524590164,0.06967213114754098,0.01639344262295082,0.06967213114754098,0.00819672131147541,0.045081967213114756,0.028688524590163935,0.036885245901639344,0.07377049180327869,0.04918032786885246,0.045081967213114756,0.040983606557377046,0.06147540983606557,0.02459016393442623,0.09016393442622951,0.028688524590163935,0.02459016393442623,0.11885245901639344,0.045081967213114756,0.045081967213114756
1bky,0.035830618892508145,0.04234527687296417,0.03257328990228013,0.06514657980456026,0.006514657980456026,0.029315960912052116,0.05537459283387622,0.048859934853420196,0.05537459283387622,0.06514657980456026,0.05211726384364821,0.06840390879478828,0.05211726384364821,0.07166123778501629,0.03257328990228013,0.009771986970684038,0.05211726384364821,0.11074918566775244,0.05211726384364821,0.06188925081433225
1q6e,0.06464646464646465,0.07878787878787878,0.022222222222222223,0.050505050505050504,0.012121212121212121,0.022222222222222223,0.06060606060606061,0.03636363636363636,0.06666666666666667,0.05454545454545454,0.06060606060606061,0.06464646464646465,0.05656565656565657,0.05858585858585859,0.04242424242424243,0.022222222222222223,0.04040404040404041,0.09696969696969697,0.03838383838383838,0.050505050505050504
2vhw,0.15384615384615385,0.09814323607427056,0.021220159151193633,0.042440318302387266,0.013262599469496022,0.042440318302387266,0.023872679045092837,0.07427055702917772,0.050397877984084884,0.03978779840848806,0.04774535809018567,0.08753315649867374,0.04774535809018567,0.029177718832891247,0.023872679045092837,0.005305039787798408,0.023872679045092837,0.09814323607427056,0.050397877984084884,0.026525198938992044
1q0y,0.08314087759815242,0.08314087759815242,0.013856812933025405,0.12240184757505773,0.018475750577367205,0.016166281755196306,0.03002309468822171,0.12009237875288684,0.03233256351039261,0.025404157043879907,0.05542725173210162,0.07852193995381063,0.04157043879907621,0.050808314087759814,0.03233256351039261,0.025404157043879907,0.02771362586605081,0.07159353348729793,0.018475750577367205,0.03926096997690531
1g2k,0.030303030303030304,0.13131313131313133,0.020202020202020204,0.010101010101010102,0.020202020202020204,0.010101010101010102,0.030303030303030304,0.08080808080808081,0.04040404040404041,0.13131313131313133,0.06060606060606061,0.06060606060606061,0.04040404040404041,0.06060606060606061,0.06060606060606061,0.020202020202020204,0.020202020202020204,0.12121212121212122,0.04040404040404041,0.010101010101010102
2fqx,0.10377358490566038,0.09748427672955975,0.03773584905660377,0.07547169811320754,0.006289308176100629,0.0,0.040880503144654086,0.0220125786163522,0.07232704402515723,0.04716981132075472,0.02830188679245283,0.13836477987421383,0.06918238993710692,0.059748427672955975,0.040880503144654086,0.006289308176100629,0.05345911949685535,0.0440251572327044,0.03773584905660377,0.018867924528301886
1nw5,0.10344827586206896,0.07210031347962383,0.02821316614420063,0.07523510971786834,0.012539184952978056,0.03134796238244514,0.050156739811912224,0.03761755485893417,0.06583072100313479,0.05642633228840126,0.03761755485893417,0.050156739811912224,0.05642633228840126,0.050156739811912224,0.04075235109717868,0.018808777429467086,0.034482758620689655,0.07836990595611286,0.06583072100313479,0.034482758620689655
2d3z,0.0912280701754386,0.05789473684210526,0.021052631578947368,0.08771929824561403,0.03333333333333333,0.02280701754385965,0.031578947368421054,0.06666666666666667,0.0456140350877193,0.04035087719298246,0.05263157894736842,0.06666666666666667,0.0456140350877193,0.056140350877192984,0.031578947368421054,0.015789473684210527,0.02456140350877193,0.10175438596491228,0.06666666666666667,0.04035087719298246
2hb1,0.043478260869565216,0.046822742474916385,0.03678929765886288,0.0802675585284281,0.020066889632107024,0.030100334448160536,0.033444816053511704,0.043478260869565216,0.06020066889632107,0.05351170568561873,0.04013377926421405,0.05351170568561873,0.0903010033444816,0.07357859531772576,0.046822742474916385,0.020066889632107024,0.046822742474916385,0.09364548494983277,0.056856187290969896,0.030100334448160536
3bgz,0.042042042042042045,0.07507507507507508,0.015015015015015015,0.08408408408408409,0.018018018018018018,0.06006006006006006,0.024024024024024024,0.024024024024024024,0.06006006006006006,0.057057057057057055,0.06006006006006006,0.06906906906906907,0.07207207207207207,0.036036036036036036,0.03303303303303303,0.021021021021021023,0.042042042042042045,0.11711711711711711,0.06906906906906907,0.021021021021021023
3bex,0.04417670682730924,0.10441767068273092,0.028112449799196786,0.04819277108433735,0.008032128514056224,0.028112449799196786,0.040160642570281124,0.05622489959839357,0.060240963855421686,0.07228915662650602,0.03614457831325301,0.1285140562248996,0.060240963855421686,0.06827309236947791,0.01606425702811245,0.012048192771084338,0.05622489959839357,0.06827309236947791,0.03614457831325301,0.028112449799196786
1iup,0.08156028368794327,0.0851063829787234,0.024822695035460994,0.06382978723404255,0.0035460992907801418,0.024822695035460994,0.04609929078014184,0.04609929078014184,0.06028368794326241,0.07446808510638298,0.04609929078014184,0.0673758865248227,0.0673758865248227,0.02127659574468085,0.028368794326241134,0.01773049645390071,0.04609929078014184,0.09219858156028368,0.07092198581560284,0.031914893617021274
2v7t,0.11705685618729098,0.09364548494983277,0.020066889632107024,0.05351170568561873,0.010033444816053512,0.023411371237458192,0.030100334448160536,0.07357859531772576,0.043478260869565216,0.056856187290969896,0.06688963210702341,0.07692307692307693,0.07357859531772576,0.020066889632107024,0.016722408026755852,0.010033444816053512,0.03678929765886288,0.07023411371237458,0.06354515050167224,0.043478260869565216
2vkm,0.061696658097686374,0.08740359897172237,0.02056555269922879,0.07712082262210797,0.015424164524421594,0.017994858611825194,0.038560411311053984,0.05912596401028278,0.05398457583547558,0.05912596401028278,0.04884318766066838,0.08740359897172237,0.056555269922879174,0.038560411311053984,0.04113110539845758,0.017994858611825194,0.05141388174807198,0.07455012853470437,0.043701799485861184,0.04884318766066838
3b3c,0.1134020618556701,0.06872852233676977,0.020618556701030927,0.10996563573883161,0.006872852233676976,0.024054982817869417,0.048109965635738834,0.09278350515463918,0.061855670103092786,0.048109965635738834,0.041237113402061855,0.054982817869415807,0.044673539518900345,0.030927835051546393,0.061855670103092786,0.01718213058419244,0.03436426116838488,0.058419243986254296,0.01718213058419244,0.044673539518900345
2pow,0.05,0.08461538461538462,0.007692307692307693,0.06923076923076923,0.0038461538461538464,0.046153846153846156,0.038461538461538464,0.046153846153846156,0.07307692307692308,0.03461538461538462,0.06538461538461539,0.06538461538461539,0.05,0.09230769230769231,0.04230769230769231,0.026923076923076925,0.046153846153846156,0.1,0.026923076923076925,0.03076923076923077
2h21,0.0659090909090909,0.056818181818181816,0.004545454545454545,0.0659090909090909,0.011363636363636364,0.013636363636363636,0.038636363636363635,0.04318181818181818,0.06136363636363636,0.05454545454545454,0.03636363636363636,0.0659090909090909,0.09772727272727273,0.05227272727272727,0.04090909090909091,0.020454545454545454,0.045454545454545456,0.13863636363636364,0.05,0.03636363636363636
1vot,0.0446927374301676,0.08193668528864059,0.027932960893854747,0.08007448789571694,0.0148975791433892,0.0260707635009311,0.06517690875232775,0.040968342644320296,0.048417132216014895,0.03910614525139665,0.0595903165735568,0.074487895716946,0.0633147113594041,0.04655493482309125,0.0297951582867784,0.0260707635009311,0.0633147113594041,0.09124767225325885,0.0446927374301676,0.03165735567970205
2brb,0.05723905723905724,0.06397306397306397,0.02356902356902357,0.04040404040404041,0.020202020202020204,0.050505050505050504,0.04713804713804714,0.030303030303030304,0.06060606060606061,0.05723905723905724,0.06060606060606061,0.07407407407407407,0.08080808080808081,0.07407407407407407,0.02356902356902357,0.020202020202020204,0.030303030303030304,0.09427609427609428,0.05723905723905724,0.03367003367003367
2z4b,0.07003891050583658,0.0311284046692607,0.06614785992217899,0.08171206225680934,0.019455252918287938,0.058365758754863814,0.027237354085603113,0.0311284046692607,0.04669260700389105,0.038910505836575876,0.038910505836575876,0.07003891050583658,0.0622568093385214,0.058365758754863814,0.027237354085603113,0.01556420233463035,0.023346303501945526,0.17898832684824903,0.042801556420233464,0.011673151750972763
1ebz,0.030303030303030304,0.13131313131313133,0.020202020202020204,0.010101010101010102,0.020202020202020204,0.010101010101010102,0.030303030303030304,0.08080808080808081,0.04040404040404041,0.13131313131313133,0.06060606060606061,0.06060606060606061,0.04040404040404041,0.06060606060606061,0.06060606060606061,0.020202020202020204,0.020202020202020204,0.12121212121212122,0.04040404040404041,0.010101010101010102
2jff,0.11685393258426967,0.0898876404494382,0.029213483146067417,0.04943820224719101,0.015730337078651686,0.035955056179775284,0.04719101123595506,0.05393258426966292,0.056179775280898875,0.03146067415730337,0.038202247191011236,0.07640449438202247,0.060674157303370786,0.033707865168539325,0.033707865168539325,0.006741573033707865,0.029213483146067417,0.1258426966292135,0.04943820224719101,0.020224719101123594
2fqw,0.10377358490566038,0.09748427672955975,0.03773584905660377,0.07547169811320754,0.006289308176100629,0.0,0.040880503144654086,0.0220125786163522,0.07232704402515723,0.04716981132075472,0.02830188679245283,0.13836477987421383,0.06918238993710692,0.059748427672955975,0.040880503144654086,0.006289308176100629,0.05345911949685535,0.0440251572327044,0.03773584905660377,0.018867924528301886
2c1q,0.06349206349206349,0.09523809523809523,0.023809523809523808,0.05555555555555555,0.015873015873015872,0.0,0.031746031746031744,0.11904761904761904,0.031746031746031744,0.015873015873015872,0.03968253968253968,0.0873015873015873,0.047619047619047616,0.06349206349206349,0.07936507936507936,0.031746031746031744,0.05555555555555555,0.07142857142857142,0.06349206349206349,0.007936507936507936
2nsj,0.16568047337278108,0.07692307692307693,0.029585798816568046,0.0650887573964497,0.0,0.029585798816568046,0.04142011834319527,0.03550295857988166,0.04142011834319527,0.05917159763313609,0.05917159763313609,0.08875739644970414,0.05325443786982249,0.03550295857988166,0.047337278106508875,0.011834319526627219,0.023668639053254437,0.08284023668639054,0.04142011834319527,0.011834319526627219
2add,0.06629834254143646,0.07366482504604052,0.016574585635359115,0.0865561694290976,0.011049723756906077,0.01841620626151013,0.0570902394106814,0.04788213627992634,0.0718232044198895,0.049723756906077346,0.058931860036832415,0.06077348066298342,0.04604051565377532,0.04419889502762431,0.049723756906077346,0.03130755064456722,0.04788213627992634,0.07734806629834254,0.04419889502762431,0.040515653775322284
1ydk,0.07657657657657657,0.04504504504504504,0.036036036036036036,0.05405405405405406,0.0045045045045045045,0.013513513513513514,0.03153153153153153,0.018018018018018018,0.05405405405405406,0.06306306306306306,0.05405405405405406,0.04504504504504504,0.09009009009009009,0.10810810810810811,0.02252252252252252,0.0045045045045045045,0.04504504504504504,0.13513513513513514,0.05405405405405406,0.04504504504504504
2pqc,0.09213483146067415,0.11685393258426967,0.04044943820224719,0.06292134831460675,0.0044943820224719105,0.008988764044943821,0.03146067415730337,0.08089887640449438,0.0651685393258427,0.051685393258426963,0.056179775280898875,0.0853932584269663,0.056179775280898875,0.033707865168539325,0.01348314606741573,0.0022471910112359553,0.024719101123595506,0.10337078651685393,0.06292134831460675,0.006741573033707865
1usk,0.11560693641618497,0.10982658959537572,0.02601156069364162,0.05202312138728324,0.005780346820809248,0.011560693641618497,0.04046242774566474,0.04046242774566474,0.0838150289017341,0.06647398843930635,0.04335260115606936,0.06647398843930635,0.04335260115606936,0.07514450867052024,0.05202312138728324,0.011560693641618497,0.02601156069364162,0.06358381502890173,0.028901734104046242,0.03757225433526012
2zmm,0.043478260869565216,0.046822742474916385,0.03678929765886288,0.0802675585284281,0.020066889632107024,0.030100334448160536,0.033444816053511704,0.043478260869565216,0.06020066889632107,0.05351170568561873,0.04013377926421405,0.05351170568561873,0.0903010033444816,0.07357859531772576,0.046822742474916385,0.020066889632107024,0.046822742474916385,0.09364548494983277,0.056856187290969896,0.030100334448160536
2q54,0.030303030303030304,0.13131313131313133,0.020202020202020204,0.0,0.020202020202020204,0.010101010101010102,0.04040404040404041,0.08080808080808081,0.04040404040404041,0.13131313131313133,0.0707070707070707,0.06060606060606061,0.04040404040404041,0.0707070707070707,0.050505050505050504,0.020202020202020204,0.020202020202020204,0.1111111111111111,0.04040404040404041,0.010101010101010102
3ccw,0.10430839002267574,0.09070294784580499,0.036281179138321996,0.07029478458049887,0.034013605442176874,0.031746031746031744,0.05215419501133787,0.047619047619047616,0.024943310657596373,0.06802721088435375,0.04081632653061224,0.06575963718820861,0.06802721088435375,0.049886621315192746,0.034013605442176874,0.0045351473922902496,0.015873015873015872,0.08616780045351474,0.047619047619047616,0.027210884353741496
2pwg,0.07733812949640288,0.07014388489208633,0.02158273381294964,0.05575539568345324,0.0,0.023381294964028777,0.044964028776978415,0.06654676258992806,0.08812949640287769,0.039568345323741004,0.05935251798561151,0.044964028776978415,0.05575539568345324,0.052158273381294966,0.0341726618705036,0.025179856115107913,0.05935251798561151,0.0683453237410072,0.05755395683453238,0.05575539568345324
1q6g,0.06464646464646465,0.07878787878787878,0.022222222222222223,0.050505050505050504,0.012121212121212121,0.022222222222222223,0.05858585858585859,0.03838383838383838,0.06666666666666667,0.05454545454545454,0.06060606060606061,0.06464646464646465,0.05858585858585859,0.05858585858585859,0.04242424242424243,0.022222222222222223,0.04040404040404041,0.09696969696969697,0.03838383838383838,0.048484848484848485
1y20,0.04452054794520548,0.06506849315068493,0.03424657534246575,0.0684931506849315,0.023972602739726026,0.023972602739726026,0.05136986301369863,0.0684931506849315,0.0547945205479452,0.05821917808219178,0.0410958904109589,0.0684931506849315,0.06506849315068493,0.07534246575342465,0.0410958904109589,0.0136986301369863,0.05136986301369863,0.06506849315068493,0.05136986301369863,0.03424657534246575
2qi1,0.030303030303030304,0.13131313131313133,0.020202020202020204,0.0,0.020202020202020204,0.010101010101010102,0.04040404040404041,0.08080808080808081,0.04040404040404041,0.13131313131313133,0.0707070707070707,0.06060606060606061,0.04040404040404041,0.0707070707070707,0.050505050505050504,0.020202020202020204,0.020202020202020204,0.1111111111111111,0.04040404040404041,0.010101010101010102
2jdy,0.08695652173913043,0.08695652173913043,0.008695652173913044,0.09565217391304348,0.0,0.0,0.13043478260869565,0.10434782608695652,0.043478260869565216,0.02608695652173913,0.02608695652173913,0.14782608695652175,0.02608695652173913,0.008695652173913044,0.06086956521739131,0.008695652173913044,0.043478260869565216,0.06956521739130435,0.017391304347826087,0.008695652173913044
2bbf,0.09844559585492228,0.08549222797927461,0.04404145077720207,0.07772020725388601,0.012953367875647668,0.025906735751295335,0.02072538860103627,0.046632124352331605,0.06217616580310881,0.05699481865284974,0.04404145077720207,0.046632124352331605,0.06217616580310881,0.03626943005181347,0.04404145077720207,0.010362694300518135,0.05181347150259067,0.06994818652849741,0.08290155440414508,0.02072538860103627
1gpk,0.0446927374301676,0.08193668528864059,0.027932960893854747,0.08007448789571694,0.0148975791433892,0.0260707635009311,0.06517690875232775,0.040968342644320296,0.048417132216014895,0.03910614525139665,0.0595903165735568,0.074487895716946,0.0633147113594041,0.04655493482309125,0.0297951582867784,0.0260707635009311,0.0633147113594041,0.09124767225325885,0.0446927374301676,0.03165735567970205
4ubp,0.07653701380175659,0.1053952321204517,0.03513174404015056,0.03889585947302384,0.0037641154328732747,0.025094102885821833,0.04767879548306148,0.06900878293601004,0.06398996235884567,0.08281053952321205,0.04642409033877039,0.07277289836888332,0.07904642409033877,0.05520702634880803,0.02258469259723965,0.0075282308657465494,0.026348808030112924,0.07151819322459223,0.04642409033877039,0.02258469259723965
2nn1,0.07307692307692308,0.06153846153846154,0.007692307692307693,0.11538461538461539,0.0038461538461538464,0.04230769230769231,0.06538461538461539,0.05384615384615385,0.05384615384615385,0.038461538461538464,0.06538461538461539,0.06538461538461539,0.05,0.06923076923076923,0.03461538461538462,0.023076923076923078,0.04230769230769231,0.07692307692307693,0.026923076923076925,0.03076923076923077
2hj4,0.06048387096774194,0.0967741935483871,0.024193548387096774,0.07056451612903226,0.03225806451612903,0.034274193548387094,0.05040322580645161,0.06854838709677419,0.07459677419354839,0.04233870967741935,0.05040322580645161,0.07862903225806452,0.04233870967741935,0.05040322580645161,0.03225806451612903,0.016129032258064516,0.036290322580645164,0.06048387096774194,0.04435483870967742,0.034274193548387094
1s9t,0.04633204633204633,0.08494208494208494,0.03474903474903475,0.06563706563706563,0.011583011583011582,0.007722007722007722,0.03088803088803089,0.0694980694980695,0.06563706563706563,0.07722007722007722,0.03088803088803089,0.05405405405405406,0.0694980694980695,0.07722007722007722,0.03474903474903475,0.015444015444015444,0.03861003861003861,0.0888030888030888,0.05019305019305019,0.04633204633204633
2vpn,0.06962025316455696,0.07278481012658228,0.03164556962025317,0.05063291139240506,0.0,0.0189873417721519,0.03481012658227848,0.06645569620253164,0.07278481012658228,0.05379746835443038,0.04746835443037975,0.05063291139240506,0.12025316455696203,0.04430379746835443,0.06645569620253164,0.012658227848101266,0.060126582278481014,0.07278481012658228,0.015822784810126583,0.0379746835443038
1iy7,0.06840390879478828,0.0749185667752443,0.009771986970684038,0.10423452768729642,0.006514657980456026,0.026058631921824105,0.05537459283387622,0.08469055374592833,0.03908794788273615,0.06840390879478828,0.03257328990228013,0.05211726384364821,0.04560260586319218,0.048859934853420196,0.035830618892508145,0.02280130293159609,0.05211726384364821,0.0749185667752443,0.035830618892508145,0.06188925081433225
3dp4,0.0683453237410072,0.09352517985611511,0.03237410071942446,0.07553956834532374,0.01079136690647482,0.007194244604316547,0.03237410071942446,0.06115107913669065,0.046762589928057555,0.06474820143884892,0.03597122302158273,0.07194244604316546,0.07553956834532374,0.10071942446043165,0.014388489208633094,0.014388489208633094,0.025179856115107913,0.07194244604316546,0.046762589928057555,0.050359712230215826
2q89,0.1517509727626459,0.0933852140077821,0.01556420233463035,0.04669260700389105,0.01556420233463035,0.0038910505836575876,0.027237354085603113,0.019455252918287938,0.07392996108949416,0.054474708171206226,0.0622568093385214,0.07392996108949416,0.07782101167315175,0.07782101167315175,0.019455252918287938,0.0,0.03501945525291829,0.08171206225680934,0.04669260700389105,0.023346303501945526
