protein,A,G,M,S,C,H,N,T,D,I,P,V,E,K,Q,W,F,L,R,Y
4gzp,0.03307888040712468,0.09669211195928754,0.010178117048346057,0.11195928753180662,0.04580152671755725,0.022900763358778626,0.061068702290076333,0.06615776081424936,0.061068702290076333,0.061068702290076333,0.03816793893129771,0.07888040712468193,0.05089058524173028,0.04834605597964377,0.020356234096692113,0.027989821882951654,0.027989821882951654,0.05089058524173028,0.05597964376590331,0.030534351145038167
3mss,0.06825938566552901,0.06143344709897611,0.04436860068259386,0.05802047781569966,0.017064846416382253,0.020477815699658702,0.030716723549488054,0.05460750853242321,0.04436860068259386,0.040955631399317405,0.04436860068259386,0.06484641638225255,0.10580204778156997,0.07167235494880546,0.027303754266211604,0.023890784982935155,0.03754266211604096,0.08873720136518772,0.040955631399317405,0.05460750853242321
4yha,0.06837606837606838,0.042735042735042736,0.008547008547008548,0.05128205128205128,0.008547008547008548,0.05555555555555555,0.07264957264957266,0.04700854700854701,0.05128205128205128,0.05555555555555555,0.06837606837606838,0.05128205128205128,0.06837606837606838,0.10683760683760683,0.03418803418803419,0.01282051282051282,0.05982905982905983,0.06837606837606838,0.029914529914529916,0.038461538461538464
4x5y,0.09202453987730061,0.06952965235173825,0.018404907975460124,0.07157464212678936,0.014314928425357873,0.024539877300613498,0.026584867075664622,0.03885480572597137,0.049079754601226995,0.03680981595092025,0.044989775051124746,0.07975460122699386,0.06748466257668712,0.049079754601226995,0.044989775051124746,0.016359918200409,0.03885480572597137,0.12269938650306748,0.05521472392638037,0.03885480572597137
4zme,0.035830618892508145,0.08469055374592833,0.03908794788273615,0.05863192182410423,0.013029315960912053,0.03257328990228013,0.06514657980456026,0.05537459283387622,0.04560260586319218,0.05863192182410423,0.05537459283387622,0.05537459283387622,0.06514657980456026,0.08794788273615635,0.04560260586319218,0.013029315960912053,0.04234527687296417,0.09771986970684039,0.02280130293159609,0.026058631921824105
2pog,0.06048387096774194,0.04032258064516129,0.06048387096774194,0.08064516129032258,0.004032258064516129,0.05241935483870968,0.036290322580645164,0.04032258064516129,0.05241935483870968,0.04838709677419355,0.03225806451612903,0.05241935483870968,0.06048387096774194,0.04435483870967742,0.036290322580645164,0.012096774193548387,0.028225806451612902,0.1935483870967742,0.04435483870967742,0.020161290322580645
1xd0,0.05443548387096774,0.10080645161290322,0.018145161290322582,0.06451612903225806,0.02217741935483871,0.02217741935483871,0.0846774193548387,0.04233870967741935,0.06854838709677419,0.056451612903225805,0.046370967741935484,0.07258064516129033,0.04032258064516129,0.04435483870967742,0.02620967741935484,0.034274193548387094,0.05241935483870968,0.05040322580645161,0.056451612903225805,0.04233870967741935
4j22,0.05238095238095238,0.1,0.02857142857142857,0.06666666666666667,0.023809523809523808,0.06190476190476191,0.047619047619047616,0.03333333333333333,0.02857142857142857,0.06666666666666667,0.0380952380952381,0.05238095238095238,0.0761904761904762,0.05238095238095238,0.0380952380952381,0.004761904761904762,0.047619047619047616,0.05714285714285714,0.06666666666666667,0.05714285714285714
5f1x,0.075,0.0875,0.0175,0.045,0.0025,0.025,0.045,0.0675,0.065,0.06,0.0325,0.0875,0.075,0.0825,0.0425,0.0025,0.0475,0.065,0.05,0.025
4knj,0.05,0.08461538461538462,0.007692307692307693,0.06923076923076923,0.0038461538461538464,0.046153846153846156,0.038461538461538464,0.046153846153846156,0.07307692307692308,0.03461538461538462,0.06538461538461539,0.06538461538461539,0.05,0.09230769230769231,0.04230769230769231,0.026923076923076925,0.046153846153846156,0.1,0.026923076923076925,0.03076923076923077
3gi4,0.030303030303030304,0.13131313131313133,0.020202020202020204,0.0,0.020202020202020204,0.010101010101010102,0.04040404040404041,0.08080808080808081,0.04040404040404041,0.13131313131313133,0.0707070707070707,0.06060606060606061,0.04040404040404041,0.0707070707070707,0.050505050505050504,0.020202020202020204,0.020202020202020204,0.1111111111111111,0.04040404040404041,0.010101010101010102
1s39,0.09844559585492228,0.08549222797927461,0.04404145077720207,0.07772020725388601,0.012953367875647668,0.025906735751295335,0.02072538860103627,0.046632124352331605,0.06217616580310881,0.05699481865284974,0.04404145077720207,0.046632124352331605,0.06217616580310881,0.03626943005181347,0.04404145077720207,0.010362694300518135,0.05181347150259067,0.06994818652849741,0.08290155440414508,0.02072538860103627
4b6s,0.07784431137724551,0.08982035928143713,0.059880239520958084,0.029940119760479042,0.005988023952095809,0.023952095808383235,0.08982035928143713,0.03592814371257485,0.03592814371257485,0.10778443113772455,0.041916167664670656,0.05389221556886228,0.0718562874251497,0.04790419161676647,0.059880239520958084,0.0,0.04790419161676647,0.0718562874251497,0.023952095808383235,0.023952095808383235
1my4,0.07224334600760456,0.09505703422053231,0.03802281368821293,0.06463878326996197,0.015209125475285171,0.0076045627376425855,0.03802281368821293,0.06463878326996197,0.049429657794676805,0.060836501901140684,0.026615969581749048,0.06844106463878327,0.07604562737642585,0.10646387832699619,0.011406844106463879,0.015209125475285171,0.026615969581749048,0.07604562737642585,0.03802281368821293,0.049429657794676805
1w7g,0.04234527687296417,0.08469055374592833,0.02280130293159609,0.05537459283387622,0.026058631921824105,0.016286644951140065,0.03908794788273615,0.03908794788273615,0.06514657980456026,0.05863192182410423,0.05211726384364821,0.05537459283387622,0.08469055374592833,0.07166123778501629,0.026058631921824105,0.029315960912052116,0.03908794788273615,0.08469055374592833,0.06840390879478828,0.03908794788273615
3bgc,0.030303030303030304,0.13131313131313133,0.020202020202020204,0.010101010101010102,0.020202020202020204,0.010101010101010102,0.030303030303030304,0.08080808080808081,0.04040404040404041,0.13131313131313133,0.06060606060606061,0.06060606060606061,0.04040404040404041,0.06060606060606061,0.06060606060606061,0.020202020202020204,0.020202020202020204,0.12121212121212122,0.04040404040404041,0.010101010101010102
1lag,0.11764705882352941,0.07983193277310924,0.012605042016806723,0.06302521008403361,0.008403361344537815,0.004201680672268907,0.02100840336134454,0.058823529411764705,0.10504201680672269,0.05042016806722689,0.029411764705882353,0.05042016806722689,0.04201680672268908,0.10084033613445378,0.046218487394957986,0.008403361344537815,0.046218487394957986,0.07983193277310924,0.03361344537815126,0.04201680672268908
2gyi,0.12694300518134716,0.09067357512953368,0.018134715025906734,0.025906735751295335,0.0025906735751295338,0.025906735751295335,0.02072538860103627,0.054404145077720206,0.09067357512953368,0.031088082901554404,0.05181347150259067,0.05181347150259067,0.06994818652849741,0.02849740932642487,0.03367875647668394,0.015544041450777202,0.05699481865284974,0.09844559585492228,0.08290155440414508,0.023316062176165803
4pvy,0.08,0.06133333333333333,0.021333333333333333,0.04533333333333334,0.016,0.029333333333333333,0.032,0.032,0.06133333333333333,0.056,0.032,0.06133333333333333,0.07466666666666667,0.058666666666666666,0.06933333333333333,0.010666666666666666,0.04,0.10933333333333334,0.048,0.06133333333333333
3ebp,0.07482185273159145,0.057007125890736345,0.02494061757719715,0.0344418052256532,0.010688836104513063,0.026128266033254157,0.05463182897862233,0.04275534441805225,0.05819477434679335,0.05938242280285035,0.04275534441805225,0.07363420427553444,0.07719714964370546,0.057007125890736345,0.035629453681710214,0.014251781472684086,0.04513064133016627,0.09382422802850356,0.07482185273159145,0.04275534441805225
1jet,0.07884615384615384,0.04230769230769231,0.0057692307692307696,0.05384615384615385,0.0038461538461538464,0.021153846153846155,0.06923076923076923,0.057692307692307696,0.075,0.04423076923076923,0.05961538461538462,0.08461538461538462,0.05576923076923077,0.08653846153846154,0.03461538461538462,0.025,0.03076923076923077,0.08461538461538462,0.032692307692307694,0.05384615384615385
3zdv,0.08695652173913043,0.09565217391304348,0.008695652173913044,0.09565217391304348,0.0,0.0,0.12173913043478261,0.10434782608695652,0.043478260869565216,0.02608695652173913,0.02608695652173913,0.14782608695652175,0.02608695652173913,0.008695652173913044,0.06086956521739131,0.008695652173913044,0.043478260869565216,0.06956521739130435,0.017391304347826087,0.008695652173913044
2qnq,0.030303030303030304,0.13131313131313133,0.020202020202020204,0.010101010101010102,0.020202020202020204,0.010101010101010102,0.030303030303030304,0.08080808080808081,0.04040404040404041,0.13131313131313133,0.06060606060606061,0.06060606060606061,0.04040404040404041,0.06060606060606061,0.06060606060606061,0.020202020202020204,0.020202020202020204,0.12121212121212122,0.04040404040404041,0.010101010101010102
4gbd,0.12008733624454149,0.08078602620087336,0.028384279475982533,0.04148471615720524,0.010917030567685589,0.05021834061135371,0.026200873362445413,0.03275109170305677,0.06986899563318777,0.048034934497816595,0.05021834061135371,0.06986899563318777,0.056768558951965066,0.017467248908296942,0.04585152838427948,0.015283842794759825,0.028384279475982533,0.1222707423580786,0.06986899563318777,0.015283842794759825
4r4t,0.04878048780487805,0.07317073170731707,0.04065040650406504,0.07317073170731707,0.016260162601626018,0.016260162601626018,0.07317073170731707,0.04878048780487805,0.024390243902439025,0.08943089430894309,0.056910569105691054,0.08943089430894309,0.056910569105691054,0.04065040650406504,0.04878048780487805,0.0,0.016260162601626018,0.11382113821138211,0.056910569105691054,0.016260162601626018
5eqp,0.05236907730673317,0.057356608478802994,0.029925187032418952,0.0798004987531172,0.014962593516209476,0.034912718204488775,0.03740648379052369,0.02743142144638404,0.032418952618453865,0.04987531172069826,0.05236907730673317,0.02743142144638404,0.09975062344139651,0.06483790523690773,0.04239401496259352,0.014962593516209476,0.06234413965087282,0.11471321695760599,0.06234413965087282,0.04239401496259352
4lm2,0.06376811594202898,0.04927536231884058,0.034782608695652174,0.06666666666666667,0.034782608695652174,0.03768115942028986,0.04057971014492753,0.06666666666666667,0.043478260869565216,0.06086956521739131,0.04057971014492753,0.0463768115942029,0.06956521739130435,0.05217391304347826,0.04927536231884058,0.020289855072463767,0.043478260869565216,0.10434782608695652,0.04057971014492753,0.034782608695652174
3hs4,0.05,0.08461538461538462,0.007692307692307693,0.06923076923076923,0.0038461538461538464,0.046153846153846156,0.038461538461538464,0.046153846153846156,0.07307692307692308,0.03461538461538462,0.06538461538461539,0.06538461538461539,0.05,0.09230769230769231,0.04230769230769231,0.026923076923076925,0.046153846153846156,0.1,0.026923076923076925,0.03076923076923077
3vha,0.06550218340611354,0.06550218340611354,0.03056768558951965,0.06986899563318777,0.0,0.017467248908296942,0.034934497816593885,0.07423580786026202,0.06986899563318777,0.08733624454148471,0.021834061135371178,0.048034934497816595,0.1091703056768559,0.07423580786026202,0.039301310043668124,0.004366812227074236,0.043668122270742356,0.07860262008733625,0.034934497816593885,0.03056768558951965
5kab,0.04844290657439446,0.05536332179930796,0.04152249134948097,0.07612456747404844,0.020761245674740483,0.031141868512110725,0.03460207612456748,0.04498269896193772,0.05536332179930796,0.05536332179930796,0.03806228373702422,0.05190311418685121,0.08650519031141868,0.0726643598615917,0.04152249134948097,0.01730103806228374,0.04844290657439446,0.08996539792387544,0.058823529411764705,0.031141868512110725
5vd1,0.0707395498392283,0.10610932475884244,0.022508038585209004,0.07395498392282958,0.01929260450160772,0.04823151125401929,0.00964630225080386,0.028938906752411574,0.03215434083601286,0.00964630225080386,0.06430868167202572,0.05787781350482315,0.08038585209003216,0.028938906752411574,0.06430868167202572,0.012861736334405145,0.03536977491961415,0.1382636655948553,0.06752411575562701,0.028938906752411574
2v88,0.07777777777777778,0.06666666666666667,0.022222222222222223,0.05555555555555555,0.06666666666666667,0.05555555555555555,0.044444444444444446,0.07777777777777778,0.044444444444444446,0.05555555555555555,0.05555555555555555,0.044444444444444446,0.06666666666666667,0.03333333333333333,0.03333333333333333,0.03333333333333333,0.022222222222222223,0.05555555555555555,0.03333333333333333,0.05555555555555555
4u54,0.0988235294117647,0.0611764705882353,0.009411764705882352,0.06352941176470588,0.01411764705882353,0.018823529411764704,0.05411764705882353,0.0611764705882353,0.04470588235294118,0.08705882352941176,0.04941176470588235,0.07529411764705882,0.058823529411764705,0.05647058823529412,0.04941176470588235,0.01647058823529412,0.023529411764705882,0.11764705882352941,0.02588235294117647,0.01411764705882353
4bf1,0.05019305019305019,0.08494208494208494,0.003861003861003861,0.0694980694980695,0.003861003861003861,0.04633204633204633,0.03861003861003861,0.04633204633204633,0.07335907335907337,0.03474903474903475,0.06563706563706563,0.06563706563706563,0.05019305019305019,0.09266409266409266,0.04247104247104247,0.02702702702702703,0.04633204633204633,0.10038610038610038,0.02702702702702703,0.03088803088803089
1iiq,0.030303030303030304,0.13131313131313133,0.020202020202020204,0.010101010101010102,0.020202020202020204,0.010101010101010102,0.030303030303030304,0.08080808080808081,0.04040404040404041,0.13131313131313133,0.06060606060606061,0.06060606060606061,0.04040404040404041,0.06060606060606061,0.06060606060606061,0.020202020202020204,0.020202020202020204,0.12121212121212122,0.04040404040404041,0.010101010101010102
5fnd,0.0635593220338983,0.0635593220338983,0.029661016949152543,0.06779661016949153,0.0,0.01694915254237288,0.03389830508474576,0.08050847457627118,0.06779661016949153,0.0847457627118644,0.025423728813559324,0.046610169491525424,0.11440677966101695,0.07203389830508475,0.046610169491525424,0.00423728813559322,0.0423728813559322,0.07627118644067797,0.03389830508474576,0.029661016949152543
5bry,0.050505050505050504,0.13131313131313133,0.020202020202020204,0.010101010101010102,0.0,0.010101010101010102,0.030303030303030304,0.08080808080808081,0.04040404040404041,0.15151515151515152,0.06060606060606061,0.06060606060606061,0.04040404040404041,0.0707070707070707,0.050505050505050504,0.020202020202020204,0.020202020202020204,0.10101010101010101,0.04040404040404041,0.010101010101010102
2c80,0.07582938388625593,0.06635071090047394,0.03317535545023697,0.037914691943127965,0.004739336492890996,0.04265402843601896,0.02843601895734597,0.052132701421800945,0.05687203791469194,0.08056872037914692,0.04265402843601896,0.06635071090047394,0.09004739336492891,0.0995260663507109,0.014218009478672985,0.009478672985781991,0.018957345971563982,0.0947867298578199,0.04265402843601896,0.04265402843601896
4kp8,0.049429657794676805,0.057034220532319393,0.019011406844106463,0.09885931558935361,0.011406844106463879,0.049429657794676805,0.060836501901140684,0.053231939163498096,0.045627376425855515,0.034220532319391636,0.06463878326996197,0.045627376425855515,0.057034220532319393,0.03802281368821293,0.060836501901140684,0.015209125475285171,0.045627376425855515,0.11026615969581749,0.030418250950570342,0.053231939163498096
3oaf,0.026881720430107527,0.06989247311827956,0.03225806451612903,0.06989247311827956,0.005376344086021506,0.016129032258064516,0.04838709677419355,0.03763440860215054,0.04838709677419355,0.04838709677419355,0.06451612903225806,0.07526881720430108,0.08602150537634409,0.0913978494623656,0.03225806451612903,0.016129032258064516,0.053763440860215055,0.10215053763440861,0.043010752688172046,0.03225806451612903
5cst,0.09349593495934959,0.056910569105691054,0.012195121951219513,0.08536585365853659,0.0,0.012195121951219513,0.06504065040650407,0.07723577235772358,0.04065040650406504,0.06910569105691057,0.044715447154471545,0.06910569105691057,0.036585365853658534,0.036585365853658534,0.044715447154471545,0.0040650406504065045,0.032520325203252036,0.11382113821138211,0.052845528455284556,0.052845528455284556
3cf8,0.06289308176100629,0.06918238993710692,0.03773584905660377,0.025157232704402517,0.0,0.03773584905660377,0.03773584905660377,0.0440251572327044,0.03773584905660377,0.0880503144654088,0.050314465408805034,0.08176100628930817,0.07547169811320754,0.06918238993710692,0.06289308176100629,0.012578616352201259,0.06918238993710692,0.08176100628930817,0.031446540880503145,0.025157232704402517
4fai,0.0696969696969697,0.03636363636363636,0.021212121212121213,0.07575757575757576,0.006060606060606061,0.03939393939393939,0.03636363636363636,0.03636363636363636,0.0696969696969697,0.06060606060606061,0.06060606060606061,0.05454545454545454,0.06666666666666667,0.048484848484848485,0.02727272727272727,0.015151515151515152,0.048484848484848485,0.13333333333333333,0.05454545454545454,0.03939393939393939
1n1m,0.04807692307692308,0.054945054945054944,0.019230769230769232,0.08791208791208792,0.016483516483516484,0.0260989010989011,0.05357142857142857,0.061813186813186816,0.059065934065934064,0.06456043956043957,0.03708791208791209,0.06043956043956044,0.054945054945054944,0.050824175824175824,0.04120879120879121,0.027472527472527472,0.042582417582417584,0.07554945054945054,0.04120879120879121,0.07692307692307693
5o07,0.05,0.08461538461538462,0.007692307692307693,0.06923076923076923,0.0038461538461538464,0.046153846153846156,0.038461538461538464,0.046153846153846156,0.07307692307692308,0.03461538461538462,0.06538461538461539,0.06538461538461539,0.05,0.09230769230769231,0.04230769230769231,0.026923076923076925,0.046153846153846156,0.1,0.026923076923076925,0.03076923076923077
1sdu,0.050505050505050504,0.13131313131313133,0.030303030303030304,0.010101010101010102,0.0,0.010101010101010102,0.030303030303030304,0.08080808080808081,0.04040404040404041,0.15151515151515152,0.06060606060606061,0.06060606060606061,0.04040404040404041,0.0707070707070707,0.050505050505050504,0.020202020202020204,0.020202020202020204,0.09090909090909091,0.04040404040404041,0.010101010101010102
2e9u,0.05947955390334572,0.055762081784386616,0.022304832713754646,0.02973977695167286,0.022304832713754646,0.026022304832713755,0.05204460966542751,0.02973977695167286,0.06691449814126393,0.06319702602230483,0.05947955390334572,0.07434944237918216,0.08550185873605948,0.07434944237918216,0.026022304832713755,0.022304832713754646,0.03345724907063197,0.10408921933085502,0.055762081784386616,0.03717472118959108
2x8z,0.08862876254180602,0.04180602006688963,0.020066889632107024,0.056856187290969896,0.013377926421404682,0.023411371237458192,0.04013377926421405,0.0451505016722408,0.07692307692307693,0.046822742474916385,0.038461538461538464,0.05518394648829431,0.08528428093645485,0.07357859531772576,0.04180602006688963,0.023411371237458192,0.05518394648829431,0.08528428093645485,0.04013377926421405,0.048494983277591976
4f3k,0.11693548387096774,0.10080645161290322,0.020161290322580645,0.04838709677419355,0.020161290322580645,0.056451612903225805,0.036290322580645164,0.05241935483870968,0.056451612903225805,0.06854838709677419,0.024193548387096774,0.09274193548387097,0.056451612903225805,0.04435483870967742,0.028225806451612902,0.0,0.03225806451612903,0.0967741935483871,0.03225806451612903,0.016129032258064516
4y5d,0.13114754098360656,0.13114754098360656,0.0,0.08196721311475409,0.0,0.01639344262295082,0.05737704918032787,0.1557377049180328,0.03278688524590164,0.02459016393442623,0.01639344262295082,0.05737704918032787,0.03278688524590164,0.03278688524590164,0.02459016393442623,0.04918032786885246,0.01639344262295082,0.05737704918032787,0.03278688524590164,0.04918032786885246
3bbb,0.052980132450331126,0.08609271523178808,0.026490066225165563,0.052980132450331126,0.013245033112582781,0.026490066225165563,0.033112582781456956,0.026490066225165563,0.052980132450331126,0.06622516556291391,0.046357615894039736,0.09271523178807947,0.07947019867549669,0.08609271523178808,0.026490066225165563,0.019867549668874173,0.052980132450331126,0.0728476821192053,0.059602649006622516,0.026490066225165563
1nli,0.12096774193548387,0.04435483870967742,0.020161290322580645,0.10483870967741936,0.0,0.004032258064516129,0.07661290322580645,0.06451612903225806,0.036290322580645164,0.07661290322580645,0.03225806451612903,0.06048387096774194,0.03225806451612903,0.04032258064516129,0.04032258064516129,0.004032258064516129,0.036290322580645164,0.10080645161290322,0.05241935483870968,0.05241935483870968
1fh7,0.14423076923076922,0.07692307692307693,0.016025641025641024,0.05448717948717949,0.01282051282051282,0.016025641025641024,0.04487179487179487,0.04807692307692308,0.08333333333333333,0.02564102564102564,0.03205128205128205,0.08653846153846154,0.04487179487179487,0.057692307692307696,0.04487179487179487,0.022435897435897436,0.05128205128205128,0.060897435897435896,0.04487179487179487,0.03205128205128205
4hdf,0.06060606060606061,0.13131313131313133,0.020202020202020204,0.010101010101010102,0.0,0.010101010101010102,0.030303030303030304,0.08080808080808081,0.04040404040404041,0.15151515151515152,0.06060606060606061,0.050505050505050504,0.04040404040404041,0.0707070707070707,0.050505050505050504,0.020202020202020204,0.020202020202020204,0.10101010101010101,0.04040404040404041,0.010101010101010102
4hdb,0.050505050505050504,0.13131313131313133,0.020202020202020204,0.010101010101010102,0.0,0.010101010101010102,0.04040404040404041,0.08080808080808081,0.030303030303030304,0.15151515151515152,0.06060606060606061,0.06060606060606061,0.04040404040404041,0.0707070707070707,0.050505050505050504,0.020202020202020204,0.020202020202020204,0.10101010101010101,0.04040404040404041,0.010101010101010102
5hz6,0.05343511450381679,0.08396946564885496,0.030534351145038167,0.06870229007633588,0.007633587786259542,0.007633587786259542,0.030534351145038167,0.0916030534351145,0.07633587786259542,0.061068702290076333,0.007633587786259542,0.1297709923664122,0.06870229007633588,0.10687022900763359,0.015267175572519083,0.015267175572519083,0.04580152671755725,0.03816793893129771,0.04580152671755725,0.015267175572519083
5d6j,0.11647727272727272,0.07670454545454546,0.011363636363636364,0.05397727272727273,0.004261363636363636,0.022727272727272728,0.03125,0.0625,0.07670454545454546,0.0625,0.06534090909090909,0.07244318181818182,0.05823863636363636,0.03835227272727273,0.03125,0.01278409090909091,0.045454545454545456,0.06534090909090909,0.06960227272727272,0.022727272727272728
2gv6,0.06639004149377593,0.11618257261410789,0.012448132780082987,0.07053941908713693,0.029045643153526972,0.029045643153526972,0.024896265560165973,0.04979253112033195,0.06224066390041494,0.058091286307053944,0.058091286307053944,0.06639004149377593,0.04149377593360996,0.024896265560165973,0.058091286307053944,0.03319502074688797,0.04149377593360996,0.07883817427385892,0.05394190871369295,0.024896265560165973
3lxe,0.07307692307692308,0.06153846153846154,0.007692307692307693,0.11538461538461539,0.0038461538461538464,0.04230769230769231,0.06538461538461539,0.05384615384615385,0.05384615384615385,0.038461538461538464,0.06538461538461539,0.06538461538461539,0.05,0.06923076923076923,0.03461538461538462,0.023076923076923078,0.04230769230769231,0.07692307692307693,0.026923076923076925,0.03076923076923077
1k1j,0.06278026905829596,0.11210762331838565,0.008968609865470852,0.15246636771300448,0.053811659192825115,0.013452914798206279,0.07174887892376682,0.04484304932735426,0.026905829596412557,0.06726457399103139,0.03587443946188341,0.07623318385650224,0.017937219730941704,0.06278026905829596,0.04484304932735426,0.017937219730941704,0.013452914798206279,0.06278026905829596,0.008968609865470852,0.04484304932735426
4u6z,0.06209150326797386,0.0784313725490196,0.029411764705882353,0.049019607843137254,0.032679738562091505,0.0457516339869281,0.03594771241830065,0.06209150326797386,0.05555555555555555,0.05555555555555555,0.06209150326797386,0.07516339869281045,0.058823529411764705,0.042483660130718956,0.03594771241830065,0.00980392156862745,0.026143790849673203,0.0718954248366013,0.06535947712418301,0.0457516339869281
1sgu,0.030303030303030304,0.13131313131313133,0.020202020202020204,0.010101010101010102,0.020202020202020204,0.010101010101010102,0.030303030303030304,0.08080808080808081,0.04040404040404041,0.13131313131313133,0.0707070707070707,0.0707070707070707,0.04040404040404041,0.050505050505050504,0.06060606060606061,0.020202020202020204,0.030303030303030304,0.09090909090909091,0.050505050505050504,0.010101010101010102
1qbt,0.04040404040404041,0.13131313131313133,0.020202020202020204,0.010101010101010102,0.010101010101010102,0.010101010101010102,0.030303030303030304,0.08080808080808081,0.04040404040404041,0.12121212121212122,0.06060606060606061,0.0707070707070707,0.04040404040404041,0.06060606060606061,0.06060606060606061,0.020202020202020204,0.020202020202020204,0.12121212121212122,0.04040404040404041,0.010101010101010102
1c5o,0.042483660130718956,0.08496732026143791,0.02287581699346405,0.05555555555555555,0.026143790849673203,0.016339869281045753,0.03594771241830065,0.0392156862745098,0.06535947712418301,0.058823529411764705,0.05228758169934641,0.05555555555555555,0.08169934640522876,0.0718954248366013,0.029411764705882353,0.029411764705882353,0.0392156862745098,0.08496732026143791,0.06862745098039216,0.0392156862745098
3h89,0.07272727272727272,0.11363636363636363,0.02727272727272727,0.08636363636363636,0.031818181818181815,0.013636363636363636,0.05,0.03636363636363636,0.05909090909090909,0.02727272727272727,0.04090909090909091,0.07272727272727272,0.08181818181818182,0.05909090909090909,0.03636363636363636,0.022727272727272728,0.03636363636363636,0.045454545454545456,0.02727272727272727,0.05909090909090909
3std,0.04242424242424243,0.07878787878787878,0.03636363636363636,0.048484848484848485,0.006060606060606061,0.03636363636363636,0.006060606060606061,0.06060606060606061,0.09696969696969697,0.048484848484848485,0.030303030303030304,0.06060606060606061,0.07272727272727272,0.07878787878787878,0.024242424242424242,0.04242424242424243,0.05454545454545454,0.06666666666666667,0.06666666666666667,0.04242424242424243
5tpx,0.04878048780487805,0.04065040650406504,0.024390243902439025,0.04065040650406504,0.008130081300813009,0.06504065040650407,0.032520325203252036,0.04878048780487805,0.06504065040650407,0.06504065040650407,0.04878048780487805,0.024390243902439025,0.07317073170731707,0.08943089430894309,0.04878048780487805,0.016260162601626018,0.04065040650406504,0.0975609756097561,0.04878048780487805,0.07317073170731707
1g2o,0.17537313432835822,0.1044776119402985,0.018656716417910446,0.041044776119402986,0.0,0.03731343283582089,0.011194029850746268,0.05223880597014925,0.048507462686567165,0.03731343283582089,0.0708955223880597,0.09701492537313433,0.05223880597014925,0.0,0.029850746268656716,0.0037313432835820895,0.011194029850746268,0.12313432835820895,0.06716417910447761,0.018656716417910446
3djv,0.06451612903225806,0.04838709677419355,0.04032258064516129,0.12096774193548387,0.08064516129032258,0.03225806451612903,0.056451612903225805,0.07258064516129033,0.03225806451612903,0.024193548387096774,0.04032258064516129,0.08064516129032258,0.04032258064516129,0.11290322580645161,0.04838709677419355,0.0,0.024193548387096774,0.016129032258064516,0.03225806451612903,0.03225806451612903
3zyf,0.08196721311475409,0.13934426229508196,0.01639344262295082,0.05737704918032787,0.01639344262295082,0.01639344262295082,0.09016393442622951,0.05737704918032787,0.04918032786885246,0.08196721311475409,0.05737704918032787,0.08196721311475409,0.02459016393442623,0.03278688524590164,0.04918032786885246,0.03278688524590164,0.02459016393442623,0.040983606557377046,0.01639344262295082,0.03278688524590164
3n7o,0.07079646017699115,0.08849557522123894,0.017699115044247787,0.061946902654867256,0.030973451327433628,0.03982300884955752,0.03982300884955752,0.06637168141592921,0.035398230088495575,0.05309734513274336,0.06637168141592921,0.05309734513274336,0.035398230088495575,0.061946902654867256,0.04424778761061947,0.01327433628318584,0.048672566371681415,0.09292035398230089,0.05752212389380531,0.022123893805309734
3aau,0.06278026905829596,0.11210762331838565,0.008968609865470852,0.15246636771300448,0.053811659192825115,0.013452914798206279,0.07174887892376682,0.04484304932735426,0.026905829596412557,0.06726457399103139,0.03587443946188341,0.07623318385650224,0.017937219730941704,0.06278026905829596,0.04484304932735426,0.017937219730941704,0.013452914798206279,0.06278026905829596,0.008968609865470852,0.04484304932735426
4l51,0.12030075187969924,0.11654135338345864,0.02631578947368421,0.06766917293233082,0.011278195488721804,0.015037593984962405,0.03759398496240601,0.041353383458646614,0.045112781954887216,0.09774436090225563,0.022556390977443608,0.07142857142857142,0.03383458646616541,0.03383458646616541,0.06766917293233082,0.0,0.022556390977443608,0.09774436090225563,0.05263157894736842,0.018796992481203006
4h3f,0.057971014492753624,0.08454106280193237,0.01932367149758454,0.0748792270531401,0.014492753623188406,0.016908212560386472,0.036231884057971016,0.06280193236714976,0.05555555555555555,0.057971014492753624,0.05555555555555555,0.0821256038647343,0.06763285024154589,0.036231884057971016,0.04106280193236715,0.016908212560386472,0.04830917874396135,0.0748792270531401,0.050724637681159424,0.04589371980676329
4djp,0.030303030303030304,0.13131313131313133,0.020202020202020204,0.0,0.020202020202020204,0.010101010101010102,0.04040404040404041,0.08080808080808081,0.04040404040404041,0.13131313131313133,0.0707070707070707,0.06060606060606061,0.04040404040404041,0.0707070707070707,0.050505050505050504,0.020202020202020204,0.020202020202020204,0.1111111111111111,0.04040404040404041,0.010101010101010102
3vf7,0.050505050505050504,0.13131313131313133,0.020202020202020204,0.010101010101010102,0.0,0.010101010101010102,0.030303030303030304,0.08080808080808081,0.04040404040404041,0.15151515151515152,0.06060606060606061,0.0707070707070707,0.04040404040404041,0.0707070707070707,0.050505050505050504,0.020202020202020204,0.020202020202020204,0.09090909090909091,0.04040404040404041,0.010101010101010102
5lsh,0.1076923076923077,0.08461538461538462,0.015384615384615385,0.046153846153846156,0.06153846153846154,0.007692307692307693,0.07692307692307693,0.038461538461538464,0.06153846153846154,0.038461538461538464,0.015384615384615385,0.06923076923076923,0.023076923076923078,0.038461538461538464,0.046153846153846156,0.038461538461538464,0.015384615384615385,0.06153846153846154,0.1076923076923077,0.046153846153846156
2ri9,0.08210526315789474,0.07578947368421053,0.010526315789473684,0.09894736842105263,0.00631578947368421,0.023157894736842106,0.05473684210526316,0.056842105263157895,0.08210526315789474,0.037894736842105266,0.035789473684210524,0.06526315789473684,0.04842105263157895,0.056842105263157895,0.029473684210526315,0.021052631578947368,0.04842105263157895,0.08210526315789474,0.031578947368421054,0.05263157894736842
4std,0.042682926829268296,0.07926829268292683,0.03048780487804878,0.04878048780487805,0.006097560975609756,0.036585365853658534,0.006097560975609756,0.06097560975609756,0.0975609756097561,0.04878048780487805,0.03048780487804878,0.06097560975609756,0.07317073170731707,0.07926829268292683,0.024390243902439025,0.042682926829268296,0.054878048780487805,0.06707317073170732,0.06707317073170732,0.042682926829268296
4e5w,0.03642384105960265,0.0728476821192053,0.023178807947019868,0.052980132450331126,0.026490066225165563,0.026490066225165563,0.04304635761589404,0.046357615894039736,0.059602649006622516,0.052980132450331126,0.04966887417218543,0.059602649006622516,0.08278145695364239,0.09602649006622517,0.03642384105960265,0.009933774834437087,0.039735099337748346,0.09933774834437085,0.04304635761589404,0.04304635761589404
1hms,0.045454545454545456,0.07575757575757576,0.015151515151515152,0.045454545454545456,0.007575757575757576,0.022727272727272728,0.022727272727272728,0.14393939393939395,0.08333333333333333,0.05303030303030303,0.007575757575757576,0.07575757575757576,0.06060606060606061,0.10606060606060606,0.022727272727272728,0.015151515151515152,0.045454545454545456,0.10606060606060606,0.030303030303030304,0.015151515151515152
2vl4,0.04728132387706856,0.061465721040189124,0.028368794326241134,0.06501182033096926,0.008274231678486997,0.031914893617021274,0.05200945626477541,0.05555555555555555,0.05673758865248227,0.05200945626477541,0.05200945626477541,0.06501182033096926,0.0673758865248227,0.054373522458628844,0.0425531914893617,0.026004728132387706,0.04728132387706856,0.08628841607565012,0.0508274231678487,0.04964539007092199
4u71,0.06209150326797386,0.0784313725490196,0.029411764705882353,0.049019607843137254,0.032679738562091505,0.0457516339869281,0.03594771241830065,0.06209150326797386,0.05555555555555555,0.05555555555555555,0.06209150326797386,0.07516339869281045,0.058823529411764705,0.042483660130718956,0.03594771241830065,0.00980392156862745,0.026143790849673203,0.0718954248366013,0.06535947712418301,0.0457516339869281
3rlb,0.11458333333333333,0.078125,0.020833333333333332,0.0625,0.005208333333333333,0.057291666666666664,0.026041666666666668,0.036458333333333336,0.0,0.125,0.03125,0.06770833333333333,0.015625,0.041666666666666664,0.015625,0.026041666666666668,0.07291666666666667,0.14583333333333334,0.020833333333333332,0.036458333333333336
1qxk,0.040498442367601244,0.04361370716510903,0.03426791277258567,0.07476635514018691,0.018691588785046728,0.03426791277258567,0.03426791277258567,0.040498442367601244,0.056074766355140186,0.056074766355140186,0.06853582554517133,0.04984423676012461,0.09345794392523364,0.07165109034267912,0.04361370716510903,0.018691588785046728,0.04361370716510903,0.09034267912772585,0.059190031152647975,0.028037383177570093
1i7z,0.06605922551252848,0.0774487471526196,0.00683371298405467,0.13439635535307518,0.022779043280182234,0.01366742596810934,0.0387243735763098,0.09111617312072894,0.03416856492027335,0.022779043280182234,0.06150341685649203,0.07289293849658314,0.04328018223234624,0.06605922551252848,0.04555808656036447,0.018223234624145785,0.03644646924829157,0.0774487471526196,0.02050113895216401,0.05011389521640091
1m0b,0.030303030303030304,0.13131313131313133,0.020202020202020204,0.010101010101010102,0.020202020202020204,0.010101010101010102,0.030303030303030304,0.08080808080808081,0.04040404040404041,0.13131313131313133,0.06060606060606061,0.06060606060606061,0.04040404040404041,0.06060606060606061,0.06060606060606061,0.020202020202020204,0.020202020202020204,0.12121212121212122,0.04040404040404041,0.010101010101010102
1o2o,0.06278026905829596,0.11210762331838565,0.008968609865470852,0.15246636771300448,0.053811659192825115,0.013452914798206279,0.07174887892376682,0.04484304932735426,0.026905829596412557,0.06726457399103139,0.03587443946188341,0.07623318385650224,0.017937219730941704,0.06278026905829596,0.04484304932735426,0.017937219730941704,0.013452914798206279,0.06278026905829596,0.008968609865470852,0.04484304932735426
5mjn,0.05019305019305019,0.08494208494208494,0.003861003861003861,0.0694980694980695,0.003861003861003861,0.04633204633204633,0.03861003861003861,0.04633204633204633,0.07335907335907337,0.03474903474903475,0.06563706563706563,0.06563706563706563,0.05019305019305019,0.09266409266409266,0.04247104247104247,0.02702702702702703,0.04633204633204633,0.10038610038610038,0.02702702702702703,0.03088803088803089
3dyo,0.07429130009775171,0.07038123167155426,0.022482893450635387,0.05865102639296188,0.015640273704789834,0.033235581622678395,0.0469208211143695,0.05278592375366569,0.06256109481915934,0.03714565004887586,0.06158357771260997,0.06256109481915934,0.06158357771260997,0.019550342130987292,0.056695992179863146,0.03812316715542522,0.03714565004887586,0.093841642228739,0.06451612903225806,0.030303030303030304
3mz6,0.07197943444730077,0.08997429305912596,0.02570694087403599,0.061696658097686374,0.02570694087403599,0.04884318766066838,0.02570694087403599,0.043701799485861184,0.061696658097686374,0.06683804627249357,0.04884318766066838,0.06683804627249357,0.056555269922879174,0.05398457583547558,0.038560411311053984,0.010282776349614395,0.033419023136246784,0.08483290488431877,0.030848329048843187,0.05398457583547558
4nra,0.03418803418803419,0.03418803418803419,0.042735042735042736,0.07692307692307693,0.017094017094017096,0.017094017094017096,0.042735042735042736,0.05982905982905983,0.09401709401709402,0.03418803418803419,0.05128205128205128,0.05982905982905983,0.06837606837606838,0.11965811965811966,0.008547008547008548,0.017094017094017096,0.05982905982905983,0.09401709401709402,0.042735042735042736,0.02564102564102564
2x6x,0.08,0.1,0.016666666666666666,0.10333333333333333,0.023333333333333334,0.02,0.08666666666666667,0.055,0.045,0.056666666666666664,0.03333333333333333,0.09666666666666666,0.02666666666666667,0.01,0.043333333333333335,0.011666666666666667,0.05,0.05,0.03833333333333333,0.05333333333333334
3nee,0.10344827586206896,0.0603448275862069,0.008620689655172414,0.08620689655172414,0.008620689655172414,0.034482758620689655,0.02586206896551724,0.08620689655172414,0.04310344827586207,0.04310344827586207,0.0603448275862069,0.10344827586206896,0.08620689655172414,0.05172413793103448,0.0,0.017241379310344827,0.04310344827586207,0.0603448275862069,0.034482758620689655,0.04310344827586207
3s0b,0.025210084033613446,0.025210084033613446,0.025210084033613446,0.06722689075630252,0.04201680672268908,0.01680672268907563,0.06722689075630252,0.058823529411764705,0.06722689075630252,0.07563025210084033,0.01680672268907563,0.09243697478991597,0.09243697478991597,0.12605042016806722,0.058823529411764705,0.0,0.025210084033613446,0.09243697478991597,0.008403361344537815,0.01680672268907563
4dsu,0.047619047619047616,0.06349206349206349,0.026455026455026454,0.0582010582010582,0.021164021164021163,0.021164021164021163,0.021164021164021163,0.06878306878306878,0.08994708994708994,0.06349206349206349,0.021164021164021163,0.08465608465608465,0.06878306878306878,0.1111111111111111,0.047619047619047616,0.0,0.031746031746031744,0.0582010582010582,0.05291005291005291,0.042328042328042326
1n4k,0.05511811023622047,0.05774278215223097,0.015748031496062992,0.06299212598425197,0.01837270341207349,0.031496062992125984,0.03937007874015748,0.05249343832020997,0.07086614173228346,0.03937007874015748,0.04199475065616798,0.07086614173228346,0.07611548556430446,0.06824146981627296,0.05249343832020997,0.010498687664041995,0.04461942257217848,0.09711286089238845,0.07086614173228346,0.023622047244094488
1f74,0.08532423208191127,0.08873720136518772,0.027303754266211604,0.04436860068259386,0.006825938566552901,0.013651877133105802,0.04436860068259386,0.051194539249146756,0.04778156996587031,0.07508532423208192,0.023890784982935155,0.05802047781569966,0.08191126279863481,0.09215017064846416,0.023890784982935155,0.0034129692832764505,0.051194539249146756,0.10921501706484642,0.027303754266211604,0.04436860068259386
4gfm,0.029801324503311258,0.06622516556291391,0.029801324503311258,0.056291390728476824,0.016556291390728478,0.026490066225165563,0.04966887417218543,0.033112582781456956,0.059602649006622516,0.059602649006622516,0.04304635761589404,0.056291390728476824,0.08609271523178808,0.076158940397351,0.046357615894039736,0.009933774834437087,0.04304635761589404,0.09602649006622517,0.06622516556291391,0.04966887417218543
3acl,0.0472972972972973,0.10135135135135136,0.02364864864864865,0.07432432432432433,0.006756756756756757,0.057432432432432436,0.030405405405405407,0.04391891891891892,0.0472972972972973,0.05067567567567568,0.07094594594594594,0.060810810810810814,0.08108108108108109,0.07094594594594594,0.037162162162162164,0.013513513513513514,0.04054054054054054,0.07432432432432433,0.0472972972972973,0.02027027027027027
