protein,A,G,M,S,C,H,N,T,D,I,P,V,E,K,Q,W,F,L,R,Y
5d26,0.03937007874015748,0.015748031496062992,0.03937007874015748,0.015748031496062992,0.015748031496062992,0.007874015748031496,0.09448818897637797,0.06299212598425198,0.047244094488188976,0.05511811023622047,0.09448818897637797,0.03937007874015748,0.06299212598425198,0.09448818897637797,0.07086614173228346,0.023622047244094488,0.03937007874015748,0.10236220472440943,0.023622047244094488,0.05511811023622047
2uyq,0.14963503649635038,0.06569343065693431,0.0291970802919708,0.040145985401459854,0.0,0.021897810218978103,0.021897810218978103,0.072992700729927,0.08394160583941605,0.032846715328467155,0.04744525547445255,0.072992700729927,0.054744525547445265,0.0145985401459854,0.0291970802919708,0.0291970802919708,0.032846715328467155,0.08029197080291971,0.09124087591240876,0.0291970802919708
3ffp,0.05078125,0.0859375,0.00390625,0.06640625,0.00390625,0.04296875,0.0390625,0.046875,0.07421875,0.03515625,0.06640625,0.06640625,0.05078125,0.08984375,0.04296875,0.02734375,0.046875,0.1015625,0.02734375,0.03125
2e9u,0.05947955390334572,0.055762081784386616,0.022304832713754646,0.02973977695167286,0.022304832713754646,0.026022304832713755,0.05204460966542751,0.02973977695167286,0.06691449814126392,0.06319702602230483,0.05947955390334572,0.07434944237918216,0.08550185873605948,0.07434944237918216,0.026022304832713755,0.022304832713754646,0.03345724907063197,0.10408921933085502,0.055762081784386616,0.03717472118959108
5fho,0.07254901960784314,0.08627450980392158,0.0392156862745098,0.06274509803921569,0.015686274509803918,0.007843137254901959,0.03725490196078431,0.06666666666666668,0.047058823529411764,0.06274509803921569,0.027450980392156862,0.07058823529411765,0.0784313725490196,0.10588235294117647,0.011764705882352941,0.015686274509803918,0.027450980392156862,0.0784313725490196,0.0392156862745098,0.047058823529411764
3s78,0.050387596899224806,0.08527131782945736,0.0038759689922480615,0.06589147286821706,0.0038759689922480615,0.04651162790697674,0.03875968992248062,0.04651162790697674,0.07364341085271317,0.034883720930232565,0.06589147286821706,0.06589147286821706,0.050387596899224806,0.09302325581395347,0.04263565891472868,0.027131782945736437,0.04651162790697674,0.1007751937984496,0.027131782945736437,0.031007751937984492
2vwc,0.060747663551401876,0.05607476635514018,0.018691588785046728,0.0794392523364486,0.0,0.004672897196261682,0.037383177570093455,0.05607476635514018,0.05607476635514018,0.09345794392523364,0.02336448598130841,0.06542056074766353,0.10280373831775699,0.07476635514018691,0.04205607476635514,0.004672897196261682,0.0514018691588785,0.09813084112149532,0.04672897196261682,0.02803738317757009
4kfq,0.04498269896193772,0.06228373702422145,0.031141868512110725,0.0657439446366782,0.02422145328719723,0.02422145328719723,0.051903114186851215,0.06920415224913495,0.05536332179930796,0.05882352941176471,0.04152249134948097,0.06920415224913495,0.0657439446366782,0.07612456747404844,0.04152249134948097,0.01384083044982699,0.051903114186851215,0.0657439446366782,0.051903114186851215,0.034602076124567484
3ppr,0.06273062730627306,0.07011070110701106,0.022140221402214017,0.05166051660516605,0.003690036900369004,0.022140221402214017,0.04797047970479705,0.06642066420664207,0.07749077490774907,0.059040590405904064,0.029520295202952032,0.06273062730627306,0.07011070110701106,0.11070110701107012,0.03690036900369004,0.007380073800738006,0.04797047970479705,0.07749077490774907,0.01845018450184502,0.055350553505535055
1pr5,0.11126961483594863,0.0984308131241084,0.04707560627674751,0.03851640513552068,0.017118402282453638,0.02282453637660485,0.029957203994293864,0.055634807417974316,0.08131241084165478,0.07703281027104136,0.025677603423680456,0.08559201141226819,0.05278174037089872,0.05991440798858773,0.005706134094151214,0.0,0.05135520684736091,0.06419400855920114,0.049928673323823114,0.025677603423680456
3nim,0.024615384615384612,0.08,0.0,0.033846153846153845,0.1476923076923077,0.09846153846153846,0.04923076923076923,0.061538461538461535,0.07384615384615385,0.04923076923076923,0.036923076923076927,0.04923076923076923,0.08615384615384615,0.061538461538461535,0.012307692307692308,0.012307692307692308,0.036923076923076927,0.036923076923076927,0.036923076923076927,0.012307692307692308
1c1r,0.06278026905829596,0.11210762331838564,0.008968609865470852,0.15246636771300448,0.05381165919282512,0.01345291479820628,0.07174887892376683,0.044843049327354265,0.02690582959641256,0.06726457399103139,0.035874439461883414,0.07623318385650224,0.017937219730941704,0.06278026905829596,0.044843049327354265,0.017937219730941704,0.01345291479820628,0.06278026905829596,0.008968609865470852,0.044843049327354265
5epl,0.037037037037037035,0.05555555555555555,0.0,0.05555555555555555,0.0,0.018518518518518517,0.05555555555555555,0.018518518518518517,0.018518518518518517,0.07407407407407407,0.05555555555555555,0.07407407407407407,0.12962962962962962,0.0925925925925926,0.018518518518518517,0.05555555555555555,0.037037037037037035,0.07407407407407407,0.0925925925925926,0.037037037037037035
1tlp,0.08860759493670886,0.1139240506329114,0.006329113924050633,0.08227848101265822,0.0,0.02531645569620253,0.060126582278481014,0.07911392405063293,0.07911392405063293,0.0569620253164557,0.02531645569620253,0.06962025316455696,0.02531645569620253,0.03481012658227848,0.04113924050632911,0.00949367088607595,0.03164556962025317,0.05063291139240506,0.03164556962025317,0.08860759493670886
5dnu,0.0749063670411985,0.07865168539325842,0.0299625468164794,0.08239700374531835,0.00749063670411985,0.041198501872659166,0.03745318352059925,0.0449438202247191,0.0599250936329588,0.06367041198501873,0.0449438202247191,0.11235955056179776,0.041198501872659166,0.0149812734082397,0.02621722846441948,0.00749063670411985,0.048689138576779034,0.08239700374531835,0.06367041198501873,0.03745318352059925
1m2x,0.0593607305936073,0.0776255707762557,0.0091324200913242,0.0502283105022831,0.0091324200913242,0.0319634703196347,0.0547945205479452,0.0639269406392694,0.0821917808219178,0.0593607305936073,0.0182648401826484,0.0867579908675799,0.0410958904109589,0.1232876712328767,0.0502283105022831,0.0182648401826484,0.0410958904109589,0.0410958904109589,0.0136986301369863,0.0684931506849315
4czs,0.0759493670886076,0.06751054852320675,0.008438818565400843,0.1308016877637131,0.0,0.02531645569620253,0.059071729957805914,0.08016877637130802,0.0759493670886076,0.06329113924050632,0.04641350210970464,0.07172995780590717,0.029535864978902957,0.05063291139240506,0.02109704641350211,0.016877637130801686,0.04641350210970464,0.0759493670886076,0.02531645569620253,0.029535864978902957
2j95,0.05594405594405594,0.0944055944055944,0.017482517482517484,0.04895104895104895,0.05594405594405594,0.02097902097902098,0.03496503496503497,0.08041958041958043,0.05244755244755245,0.04895104895104895,0.03146853146853147,0.06293706293706294,0.07692307692307693,0.06993006993006994,0.04195804195804196,0.013986013986013986,0.045454545454545456,0.05944055944055944,0.05244755244755245,0.03496503496503497
6e7j,0.0505050505050505,0.13131313131313133,0.020202020202020204,0.010101010101010102,0.0,0.010101010101010102,0.030303030303030307,0.08080808080808081,0.040404040404040414,0.15151515151515152,0.060606060606060615,0.060606060606060615,0.040404040404040414,0.0707070707070707,0.0505050505050505,0.020202020202020204,0.020202020202020204,0.101010101010101,0.040404040404040414,0.010101010101010102
6c7q,0.1,0.027272727272727268,0.06363636363636363,0.045454545454545456,0.01818181818181818,0.03636363636363636,0.01818181818181818,0.00909090909090909,0.08181818181818183,0.03636363636363636,0.054545454545454536,0.06363636363636363,0.08181818181818183,0.10909090909090907,0.027272727272727268,0.00909090909090909,0.054545454545454536,0.06363636363636363,0.045454545454545456,0.054545454545454536
3spf,0.07042253521126761,0.07042253521126761,0.02112676056338028,0.09154929577464788,0.007042253521126761,0.014084507042253518,0.04225352112676056,0.035211267605633804,0.04929577464788732,0.028169014084507043,0.014084507042253518,0.08450704225352113,0.09154929577464788,0.028169014084507043,0.056338028169014086,0.035211267605633804,0.07042253521126761,0.09154929577464788,0.056338028169014086,0.04225352112676056
6h29,0.05,0.08461538461538462,0.007692307692307694,0.06923076923076922,0.003846153846153847,0.04615384615384616,0.038461538461538464,0.04615384615384616,0.07307692307692308,0.03461538461538462,0.06538461538461539,0.06538461538461539,0.05,0.09230769230769233,0.04230769230769231,0.026923076923076925,0.04615384615384616,0.1,0.026923076923076925,0.030769230769230767
3v5p,0.05555555555555555,0.06,0.028888888888888888,0.07333333333333332,0.011111111111111113,0.017777777777777778,0.028888888888888888,0.048888888888888885,0.07777777777777778,0.06222222222222223,0.017777777777777778,0.06222222222222223,0.08,0.09777777777777777,0.042222222222222223,0.008888888888888889,0.042222222222222223,0.1,0.04666666666666667,0.03777777777777778
4je8,0.06770833333333333,0.06770833333333333,0.026041666666666668,0.036458333333333336,0.02083333333333333,0.03125,0.026041666666666668,0.02083333333333333,0.07291666666666667,0.06770833333333333,0.05729166666666665,0.09895833333333333,0.09375,0.05729166666666665,0.03125,0.005208333333333333,0.026041666666666668,0.09375,0.07291666666666667,0.026041666666666668
1rjk,0.0502092050209205,0.03347280334728033,0.037656903765690385,0.08368200836820082,0.012552301255230124,0.04184100418410042,0.02510460251046025,0.037656903765690385,0.07531380753138077,0.06694560669456066,0.058577405857740586,0.058577405857740586,0.05439330543933055,0.06276150627615062,0.058577405857740586,0.0041841004184100415,0.03347280334728033,0.12552301255230125,0.04602510460251046,0.03347280334728033
1cny,0.05078125,0.0859375,0.00390625,0.06640625,0.00390625,0.04296875,0.0390625,0.046875,0.07421875,0.03515625,0.06640625,0.06640625,0.05078125,0.08984375,0.04296875,0.02734375,0.046875,0.1015625,0.02734375,0.03125
5ose,0.06439393939393939,0.05681818181818181,0.011363636363636364,0.060606060606060615,0.007575757575757577,0.03787878787878788,0.02651515151515152,0.045454545454545456,0.03787878787878788,0.04924242424242424,0.05303030303030303,0.05303030303030303,0.08712121212121213,0.06439393939393939,0.03409090909090909,0.015151515151515154,0.045454545454545456,0.12878787878787878,0.07575757575757576,0.045454545454545456
2o0u,0.0513595166163142,0.04229607250755287,0.04229607250755287,0.04531722054380664,0.02114803625377644,0.03021148036253777,0.048338368580060416,0.03625377643504532,0.05438066465256797,0.06646525679758307,0.048338368580060416,0.08157099697885196,0.05740181268882175,0.0755287009063444,0.04531722054380664,0.012084592145015106,0.03625377643504532,0.1027190332326284,0.0513595166163142,0.0513595166163142
2c3l,0.06037735849056604,0.06037735849056604,0.022641509433962263,0.03018867924528302,0.018867924528301886,0.026415094339622643,0.049056603773584916,0.03018867924528302,0.06415094339622641,0.06415094339622641,0.05660377358490566,0.07169811320754718,0.0830188679245283,0.07924528301886792,0.026415094339622643,0.022641509433962263,0.0339622641509434,0.10566037735849056,0.05660377358490566,0.03773584905660377
6fmj,0.04559270516717325,0.0425531914893617,0.0243161094224924,0.06382978723404255,0.00911854103343465,0.0243161094224924,0.0364741641337386,0.06382978723404255,0.06079027355623101,0.05167173252279635,0.07598784194528875,0.0790273556231003,0.0729483282674772,0.04559270516717325,0.030395136778115506,0.0060790273556231,0.05167173252279635,0.11246200607902736,0.0729483282674772,0.030395136778115506
2ymd,0.046897205116058736,0.046423495973472284,0.023685457129322598,0.09000473709142587,0.01894836570345808,0.00947418285172904,0.03742302226432969,0.08526764566556135,0.08526764566556135,0.042633822832780666,0.05684509711037423,0.08526764566556135,0.04737091425864519,0.03315963998105163,0.05210800568450971,0.023685457129322598,0.04547607768829938,0.07579346281383231,0.046897205116058736,0.04737091425864519
3isj,0.16376306620209058,0.09059233449477352,0.020905923344947737,0.027874564459930317,0.0,0.017421602787456445,0.020905923344947737,0.055749128919860634,0.06620209059233449,0.0313588850174216,0.06968641114982578,0.10801393728222997,0.03484320557491289,0.010452961672473868,0.0313588850174216,0.0,0.027874564459930317,0.1254355400696864,0.07665505226480836,0.020905923344947737
5ahw,0.18253968253968253,0.07539682539682539,0.0,0.07142857142857142,0.0,0.007936507936507936,0.03571428571428571,0.05555555555555555,0.07142857142857142,0.06349206349206349,0.03968253968253968,0.12698412698412698,0.03968253968253968,0.031746031746031744,0.015873015873015872,0.0,0.007936507936507936,0.0873015873015873,0.06349206349206349,0.023809523809523808
3rlb,0.11931818181818182,0.08522727272727272,0.011363636363636364,0.05681818181818181,0.005681818181818182,0.017045454545454544,0.022727272727272728,0.03977272727272727,0.0,0.13636363636363635,0.03409090909090909,0.07386363636363638,0.017045454545454544,0.03977272727272727,0.017045454545454544,0.028409090909090905,0.07386363636363638,0.1590909090909091,0.022727272727272728,0.03977272727272727
1ssq,0.11044176706827308,0.07630522088353414,0.02208835341365462,0.060240963855421686,0.008032128514056224,0.04016064257028112,0.05421686746987952,0.0321285140562249,0.04016064257028112,0.09437751004016064,0.046184738955823285,0.07228915662650602,0.056224899598393566,0.04819277108433735,0.04417670682730924,0.012048192771084338,0.024096385542168683,0.08835341365461848,0.03614457831325301,0.034136546184738964
5fol,0.043795620437956206,0.06934306569343067,0.0291970802919708,0.062043795620437964,0.021897810218978103,0.007299270072992701,0.01824817518248175,0.043795620437956206,0.054744525547445265,0.1021897810218978,0.054744525547445265,0.04744525547445255,0.08394160583941605,0.08394160583941605,0.0364963503649635,0.007299270072992701,0.032846715328467155,0.10583941605839416,0.032846715328467155,0.062043795620437964
4q87,0.05058365758754864,0.08560311284046693,0.0038910505836575885,0.06614785992217899,0.0038910505836575885,0.04280155642023346,0.03891050583657588,0.04669260700389105,0.07392996108949416,0.03501945525291829,0.06614785992217899,0.06614785992217899,0.05058365758754864,0.0933852140077821,0.04280155642023346,0.027237354085603117,0.04669260700389105,0.10116731517509728,0.027237354085603117,0.0311284046692607
4i54,0.04129793510324484,0.06489675516224189,0.017699115044247787,0.05014749262536873,0.04424778761061947,0.02654867256637168,0.10324483775811208,0.08259587020648967,0.038348082595870206,0.08849557522123894,0.05014749262536873,0.06194690265486725,0.05899705014749264,0.07374631268436578,0.04424778761061947,0.02064896755162242,0.032448377581120944,0.05899705014749264,0.02064896755162242,0.02064896755162242
3rz5,0.050387596899224806,0.08527131782945736,0.0038759689922480615,0.06589147286821706,0.0038759689922480615,0.04651162790697674,0.03875968992248062,0.04651162790697674,0.07364341085271317,0.034883720930232565,0.06589147286821706,0.06589147286821706,0.050387596899224806,0.09302325581395347,0.04263565891472868,0.027131782945736437,0.04651162790697674,0.1007751937984496,0.027131782945736437,0.031007751937984492
4gr0,0.07547169811320754,0.11949685534591195,0.025157232704402517,0.05660377358490566,0.0,0.05660377358490566,0.0440251572327044,0.06289308176100629,0.0880503144654088,0.06918238993710693,0.03773584905660377,0.05660377358490566,0.025157232704402517,0.0440251572327044,0.012578616352201259,0.018867924528301886,0.06289308176100629,0.05660377358490566,0.0440251572327044,0.0440251572327044
1ceb,0.0125,0.075,0.0125,0.075,0.075,0.025,0.075,0.1,0.0625,0.025,0.1,0.0,0.075,0.075,0.025,0.025,0.0125,0.025,0.0625,0.0625
5upe,0.04310344827586207,0.07758620689655173,0.004310344827586207,0.0603448275862069,0.010775862068965518,0.023706896551724137,0.05172413793103448,0.0625,0.05387931034482758,0.0625,0.04310344827586207,0.07974137931034482,0.07112068965517243,0.09051724137931036,0.032327586206896554,0.015086206896551725,0.03879310344827586,0.09267241379310344,0.028017241379310345,0.058189655172413784
2qu6,0.0362962962962963,0.023703703703703703,0.03222222222222222,0.03851851851851852,0.02148148148148148,0.061481481481481484,0.022222222222222227,0.0437037037037037,0.03777777777777778,0.058518518518518525,0.04407407407407407,0.05037037037037037,0.06962962962962962,0.061481481481481484,0.04444444444444445,0.035925925925925924,0.061481481481481484,0.1248148148148148,0.09148148148148147,0.04037037037037037
5hz5,0.04477611940298507,0.08208955223880597,0.02985074626865672,0.02985074626865672,0.04477611940298507,0.00746268656716418,0.02985074626865672,0.12686567164179105,0.059701492537313425,0.04477611940298507,0.00746268656716418,0.07462686567164177,0.08955223880597014,0.1044776119402985,0.04477611940298507,0.01492537313432836,0.02985074626865672,0.07462686567164177,0.04477611940298507,0.01492537313432836
1lag,0.1176470588235294,0.07983193277310924,0.012605042016806723,0.06302521008403361,0.008403361344537815,0.004201680672268907,0.02100840336134454,0.05882352941176471,0.10504201680672268,0.050420168067226885,0.029411764705882356,0.050420168067226885,0.04201680672268908,0.10084033613445377,0.04621848739495799,0.008403361344537815,0.04621848739495799,0.07983193277310924,0.03361344537815126,0.04201680672268908
4poh,0.09345794392523364,0.04672897196261682,0.02803738317757009,0.0514018691588785,0.018691588785046728,0.032710280373831765,0.02803738317757009,0.032710280373831765,0.05607476635514018,0.05607476635514018,0.05607476635514018,0.060747663551401876,0.08411214953271028,0.05607476635514018,0.02336448598130841,0.009345794392523364,0.04672897196261682,0.14953271028037382,0.05607476635514018,0.014018691588785048
1c5t,0.06278026905829596,0.11210762331838564,0.008968609865470852,0.15246636771300448,0.05381165919282512,0.01345291479820628,0.07174887892376683,0.044843049327354265,0.02690582959641256,0.06726457399103139,0.035874439461883414,0.07623318385650224,0.017937219730941704,0.06278026905829596,0.044843049327354265,0.017937219730941704,0.01345291479820628,0.06278026905829596,0.008968609865470852,0.044843049327354265
3lka,0.0759493670886076,0.12025316455696206,0.0189873417721519,0.0569620253164557,0.0,0.0569620253164557,0.04430379746835443,0.06329113924050632,0.08860759493670886,0.06962025316455696,0.0379746835443038,0.0569620253164557,0.02531645569620253,0.04430379746835443,0.012658227848101266,0.0189873417721519,0.06329113924050632,0.0569620253164557,0.04430379746835443,0.04430379746835443
1d4y,0.030303030303030307,0.13131313131313133,0.020202020202020204,0.010101010101010102,0.020202020202020204,0.010101010101010102,0.030303030303030307,0.08080808080808081,0.040404040404040414,0.15151515151515152,0.060606060606060615,0.060606060606060615,0.040404040404040414,0.0707070707070707,0.0505050505050505,0.020202020202020204,0.020202020202020204,0.101010101010101,0.040404040404040414,0.010101010101010102
3uex,0.0880503144654088,0.025157232704402517,0.025157232704402517,0.03773584905660377,0.031446540880503145,0.012578616352201259,0.031446540880503145,0.050314465408805034,0.06289308176100629,0.06289308176100629,0.050314465408805034,0.05660377358490566,0.09433962264150944,0.09433962264150944,0.05660377358490566,0.012578616352201259,0.025157232704402517,0.13836477987421386,0.018867924528301886,0.025157232704402517
3cz1,0.06896551724137931,0.04310344827586207,0.03448275862068965,0.0603448275862069,0.05172413793103448,0.008620689655172414,0.05172413793103448,0.03448275862068965,0.10775862068965517,0.04310344827586207,0.05172413793103448,0.09482758620689656,0.07758620689655173,0.04310344827586207,0.05172413793103448,0.01293103448275862,0.02586206896551724,0.09482758620689656,0.017241379310344827,0.02586206896551724
5e28,0.05058365758754864,0.08560311284046693,0.0038910505836575885,0.06614785992217899,0.0038910505836575885,0.04280155642023346,0.03891050583657588,0.04669260700389105,0.07392996108949416,0.03501945525291829,0.06614785992217899,0.06614785992217899,0.05058365758754864,0.0933852140077821,0.04280155642023346,0.027237354085603117,0.04669260700389105,0.10116731517509728,0.027237354085603117,0.0311284046692607
5oei,0.10702341137123746,0.0903010033444816,0.016722408026755852,0.07023411371237458,0.0,0.020066889632107024,0.020066889632107024,0.10367892976588627,0.03678929765886288,0.0568561872909699,0.07692307692307693,0.08361204013377926,0.05351170568561873,0.030100334448160536,0.016722408026755852,0.013377926421404682,0.026755852842809364,0.08695652173913042,0.06020066889632107,0.030100334448160536
1ecq,0.09034443817052512,0.09937888198757763,0.038396386222473176,0.03896103896103896,0.009034443817052512,0.03387916431394692,0.03387916431394692,0.06324110671936757,0.056465273856578214,0.049689440993788817,0.04743083003952569,0.06775832862789384,0.06324110671936757,0.04291360813099943,0.04630152456239413,0.018068887634105024,0.040654997176736304,0.088085827216262,0.049689440993788817,0.02258610954263128
3o9i,0.030303030303030307,0.13131313131313133,0.020202020202020204,0.0,0.020202020202020204,0.010101010101010102,0.040404040404040414,0.08080808080808081,0.040404040404040414,0.13131313131313133,0.0707070707070707,0.060606060606060615,0.040404040404040414,0.0707070707070707,0.0505050505050505,0.020202020202020204,0.020202020202020204,0.1111111111111111,0.040404040404040414,0.010101010101010102
4rak,0.0876068376068376,0.023504273504273504,0.021367521367521368,0.0576923076923077,0.008547008547008548,0.017094017094017096,0.021367521367521368,0.042735042735042736,0.053418803418803416,0.0641025641025641,0.053418803418803416,0.053418803418803416,0.06837606837606837,0.0405982905982906,0.08974358974358974,0.008547008547008548,0.059829059829059825,0.1282051282051282,0.07905982905982906,0.021367521367521368
4k5p,0.025089605734767026,0.01881720430107527,0.03808243727598566,0.036738351254480286,0.007168458781362006,0.014336917562724013,0.08064516129032258,0.06406810035842292,0.041218637992831535,0.05645161290322581,0.03763440860215054,0.03629032258064517,0.06630824372759858,0.11603942652329748,0.04077060931899642,0.012992831541218636,0.05555555555555555,0.1460573476702509,0.054211469534050184,0.051523297491039434
4j45,0.08433734939759037,0.0963855421686747,0.012048192771084338,0.04819277108433735,0.03614457831325301,0.03614457831325301,0.04819277108433735,0.03614457831325301,0.03614457831325301,0.024096385542168683,0.07228915662650602,0.024096385542168683,0.060240963855421686,0.03614457831325301,0.03614457831325301,0.03614457831325301,0.060240963855421686,0.07228915662650602,0.08433734939759037,0.060240963855421686
4w97,0.09183673469387756,0.07653061224489796,0.020408163265306117,0.04591836734693878,0.0,0.025510204081632654,0.020408163265306117,0.03571428571428571,0.0663265306122449,0.051020408163265314,0.025510204081632654,0.07653061224489796,0.07142857142857142,0.020408163265306117,0.0663265306122449,0.020408163265306117,0.04591836734693878,0.1020408163265306,0.09693877551020408,0.040816326530612235
4na9,0.0453074433656958,0.10032362459546926,0.012944983818770229,0.06472491909385113,0.051779935275080916,0.035598705501618116,0.029126213592233014,0.06472491909385113,0.0453074433656958,0.0453074433656958,0.05501618122977346,0.08737864077669902,0.04854368932038835,0.035598705501618116,0.042071197411003236,0.022653721682847898,0.022653721682847898,0.10032362459546926,0.05825242718446603,0.032362459546925564
1fiv,0.008849557522123894,0.09734513274336284,0.02654867256637168,0.017699115044247787,0.017699115044247787,0.008849557522123894,0.10619469026548672,0.07079646017699115,0.05309734513274336,0.11504424778761063,0.02654867256637168,0.07079646017699115,0.05309734513274336,0.05309734513274336,0.035398230088495575,0.0,0.04424778761061947,0.09734513274336284,0.07079646017699115,0.02654867256637168
1ohr,0.030303030303030307,0.13131313131313133,0.020202020202020204,0.010101010101010102,0.020202020202020204,0.010101010101010102,0.030303030303030307,0.08080808080808081,0.040404040404040414,0.13131313131313133,0.060606060606060615,0.060606060606060615,0.040404040404040414,0.060606060606060615,0.060606060606060615,0.020202020202020204,0.020202020202020204,0.12121212121212123,0.040404040404040414,0.010101010101010102
5tuo,0.06802721088435375,0.040816326530612235,0.0090702947845805,0.054421768707482984,0.0090702947845805,0.058956916099773236,0.07029478458049887,0.04308390022675737,0.047619047619047616,0.05215419501133787,0.06802721088435375,0.054421768707482984,0.07256235827664399,0.10430839002267574,0.031746031746031744,0.013605442176870748,0.05668934240362813,0.07256235827664399,0.031746031746031744,0.040816326530612235
5z5f,0.037698412698412696,0.09325396825396826,0.013888888888888888,0.057539682539682536,0.011904761904761904,0.029761904761904764,0.06349206349206349,0.06944444444444445,0.047619047619047616,0.08333333333333333,0.05952380952380953,0.051587301587301584,0.057539682539682536,0.05357142857142857,0.023809523809523808,0.025793650793650792,0.05555555555555555,0.07341269841269843,0.03373015873015873,0.057539682539682536
4hdb,0.0505050505050505,0.13131313131313133,0.020202020202020204,0.010101010101010102,0.0,0.010101010101010102,0.040404040404040414,0.08080808080808081,0.030303030303030307,0.15151515151515152,0.060606060606060615,0.060606060606060615,0.040404040404040414,0.0707070707070707,0.0505050505050505,0.020202020202020204,0.020202020202020204,0.101010101010101,0.040404040404040414,0.010101010101010102
5i80,0.03968253968253968,0.015873015873015872,0.031746031746031744,0.015873015873015872,0.015873015873015872,0.007936507936507936,0.09523809523809523,0.07142857142857142,0.047619047619047616,0.05555555555555555,0.09523809523809523,0.03968253968253968,0.05555555555555555,0.09523809523809523,0.07142857142857142,0.023809523809523808,0.03968253968253968,0.10317460317460317,0.023809523809523808,0.05555555555555555
3ivc,0.16521739130434782,0.08869565217391304,0.024347826086956518,0.02782608695652174,0.0,0.017391304347826087,0.020869565217391303,0.05565217391304348,0.06608695652173913,0.031304347826086966,0.06956521739130435,0.10782608695652174,0.034782608695652174,0.010434782608695651,0.031304347826086966,0.0,0.02956521739130435,0.12347826086956523,0.07652173913043478,0.01913043478260869
1o5a,0.04878048780487805,0.08536585365853659,0.024390243902439025,0.07723577235772358,0.044715447154471545,0.03658536585365853,0.024390243902439025,0.07723577235772358,0.044715447154471545,0.06504065040650407,0.04878048780487805,0.04878048780487805,0.04878048780487805,0.05691056910569105,0.044715447154471545,0.02032520325203252,0.028455284552845524,0.07317073170731707,0.05284552845528456,0.04878048780487805
3o4k,0.0935672514619883,0.0935672514619883,0.011695906432748536,0.06432748538011697,0.03508771929824561,0.03508771929824561,0.05263157894736842,0.03508771929824561,0.03508771929824561,0.04678362573099415,0.07017543859649122,0.07602339181286549,0.04678362573099415,0.011695906432748536,0.04093567251461988,0.029239766081871343,0.011695906432748536,0.07017543859649122,0.0935672514619883,0.04678362573099415
1ai7,0.0891218872870249,0.07470511140235911,0.023591087811271297,0.05504587155963303,0.0,0.017038007863695942,0.05504587155963303,0.07208387942332896,0.06290956749672345,0.039318479685452164,0.05242463958060288,0.0655307994757536,0.04325032765399738,0.05373525557011796,0.06422018348623854,0.03669724770642202,0.039318479685452164,0.07339449541284404,0.041939711664482314,0.04062909567496723
1tni,0.06278026905829596,0.11210762331838564,0.008968609865470852,0.15246636771300448,0.05381165919282512,0.01345291479820628,0.07174887892376683,0.044843049327354265,0.02690582959641256,0.06726457399103139,0.035874439461883414,0.07623318385650224,0.017937219730941704,0.06278026905829596,0.044843049327354265,0.017937219730941704,0.01345291479820628,0.06278026905829596,0.008968609865470852,0.044843049327354265
1yds,0.06497175141242938,0.062146892655367235,0.01977401129943503,0.03954802259887006,0.005649717514124294,0.02824858757062147,0.04519774011299435,0.04519774011299435,0.059322033898305086,0.06497175141242938,0.03672316384180791,0.05649717514124294,0.07062146892655367,0.0903954802259887,0.03672316384180791,0.01694915254237288,0.07344632768361582,0.0903954802259887,0.05084745762711865,0.0423728813559322
5j6n,0.07177033492822966,0.07177033492822966,0.023923444976076555,0.07177033492822966,0.0,0.019138755980861243,0.03827751196172249,0.08133971291866028,0.057416267942583726,0.09569377990430622,0.019138755980861243,0.04784688995215311,0.0861244019138756,0.07655502392344497,0.03827751196172249,0.004784688995215311,0.04784688995215311,0.08133971291866028,0.03349282296650718,0.03349282296650718
3f5l,0.09322033898305083,0.08050847457627118,0.01906779661016949,0.048728813559322036,0.00847457627118644,0.023305084745762712,0.06567796610169492,0.05296610169491525,0.05296610169491525,0.04025423728813559,0.04449152542372881,0.057203389830508475,0.029661016949152543,0.05508474576271186,0.05508474576271186,0.02754237288135593,0.05084745762711865,0.07415254237288135,0.046610169491525424,0.07415254237288135
2x4z,0.06872852233676978,0.0584192439862543,0.041237113402061855,0.054982817869415807,0.010309278350515464,0.027491408934707903,0.030927835051546393,0.030927835051546393,0.054982817869415807,0.054982817869415807,0.06529209621993128,0.09621993127147767,0.061855670103092786,0.054982817869415807,0.03780068728522337,0.010309278350515464,0.030927835051546393,0.1168384879725086,0.06872852233676978,0.024054982817869417
5wgp,0.05058365758754864,0.08560311284046693,0.0038910505836575885,0.07003891050583658,0.0038910505836575885,0.04280155642023346,0.03501945525291829,0.05058365758754864,0.07392996108949416,0.0311284046692607,0.06614785992217899,0.07003891050583658,0.05058365758754864,0.08949416342412451,0.04669260700389105,0.027237354085603117,0.04280155642023346,0.10116731517509728,0.027237354085603117,0.0311284046692607
2j7g,0.06407322654462243,0.08237986270022883,0.011441647597254004,0.03890160183066362,0.0022883295194508014,0.02745995423340961,0.05491990846681922,0.029748283752860413,0.059496567505720827,0.06864988558352403,0.04576659038901602,0.08695652173913042,0.07322654462242563,0.06636155606407322,0.020594965675057208,0.034324942791762014,0.057208237986270026,0.06636155606407322,0.05034324942791762,0.059496567505720827
1vzq,0.04693140794223827,0.07581227436823104,0.02527075812274368,0.05776173285198556,0.02888086642599278,0.018050541516245487,0.036101083032490974,0.036101083032490974,0.06498194945848375,0.06137184115523465,0.05415162454873646,0.05776173285198556,0.06859205776173287,0.07581227436823104,0.02888086642599278,0.02888086642599278,0.036101083032490974,0.09025270758122744,0.06859205776173287,0.03971119133574008
3nq3,0.0925925925925926,0.02469135802469136,0.02469135802469136,0.043209876543209874,0.0308641975308642,0.012345679012345678,0.0308641975308642,0.04938271604938271,0.061728395061728385,0.061728395061728385,0.04938271604938271,0.05555555555555555,0.09876543209876544,0.0925925925925926,0.05555555555555555,0.012345679012345678,0.02469135802469136,0.13580246913580246,0.018518518518518517,0.02469135802469136
3tfp,0.06690140845070422,0.028169014084507043,0.03169014084507042,0.04225352112676056,0.01056338028169014,0.04225352112676056,0.03873239436619718,0.03169014084507042,0.07746478873239436,0.09154929577464788,0.014084507042253518,0.06338028169014084,0.08098591549295775,0.07042253521126761,0.05985915492957746,0.007042253521126761,0.056338028169014086,0.06338028169014084,0.04929577464788732,0.07394366197183097
3w9k,0.04444444444444445,0.05185185185185185,0.014814814814814815,0.04444444444444445,0.007407407407407408,0.007407407407407408,0.05185185185185185,0.037037037037037035,0.07407407407407407,0.14814814814814814,0.037037037037037035,0.05925925925925926,0.08148148148148149,0.1037037037037037,0.022222222222222227,0.0,0.05185185185185185,0.06666666666666668,0.05925925925925926,0.037037037037037035
5kly,0.05286343612334802,0.11013215859030837,0.02643171806167401,0.05286343612334802,0.01762114537444934,0.06167400881057269,0.02643171806167401,0.01762114537444934,0.07929515418502202,0.09691629955947137,0.05726872246696035,0.07048458149779736,0.04405286343612335,0.07048458149779736,0.03524229074889868,0.00881057268722467,0.03524229074889868,0.07929515418502202,0.039647577092511016,0.01762114537444934
2aod,0.0505050505050505,0.13131313131313133,0.020202020202020204,0.010101010101010102,0.0,0.010101010101010102,0.030303030303030307,0.08080808080808081,0.040404040404040414,0.15151515151515152,0.060606060606060615,0.060606060606060615,0.040404040404040414,0.0707070707070707,0.0505050505050505,0.020202020202020204,0.020202020202020204,0.101010101010101,0.040404040404040414,0.010101010101010102
3jya,0.032846715328467155,0.072992700729927,0.010948905109489052,0.06934306569343067,0.01824817518248175,0.040145985401459854,0.021897810218978103,0.025547445255474453,0.06934306569343067,0.06569343065693431,0.054744525547445265,0.08029197080291971,0.08029197080291971,0.025547445255474453,0.040145985401459854,0.025547445255474453,0.051094890510948905,0.11313868613138685,0.07664233576642336,0.025547445255474453
2qi3,0.030303030303030307,0.13131313131313133,0.020202020202020204,0.0,0.020202020202020204,0.010101010101010102,0.040404040404040414,0.08080808080808081,0.040404040404040414,0.13131313131313133,0.0707070707070707,0.060606060606060615,0.040404040404040414,0.0707070707070707,0.0505050505050505,0.020202020202020204,0.020202020202020204,0.1111111111111111,0.040404040404040414,0.010101010101010102
2pvj,0.049079754601227,0.049079754601227,0.024539877300613498,0.030674846625766868,0.009202453987730062,0.03680981595092025,0.05214723926380368,0.024539877300613498,0.07668711656441718,0.05828220858895705,0.03987730061349693,0.0736196319018405,0.06441717791411042,0.08588957055214724,0.03680981595092025,0.015337423312883437,0.03680981595092025,0.11042944785276074,0.05828220858895705,0.06748466257668713
5mwp,0.04938271604938271,0.02469135802469136,0.045267489711934165,0.08641975308641975,0.00823045267489712,0.02469135802469136,0.03292181069958848,0.045267489711934165,0.037037037037037035,0.045267489711934165,0.0411522633744856,0.05761316872427984,0.07407407407407407,0.07407407407407407,0.05761316872427984,0.01646090534979424,0.061728395061728385,0.13580246913580246,0.03292181069958848,0.04938271604938271
4mrz,0.054545454545454536,0.048484848484848485,0.03636363636363636,0.05757575757575757,0.03636363636363636,0.03939393939393939,0.042424242424242434,0.0696969696969697,0.042424242424242434,0.06363636363636363,0.03939393939393939,0.045454545454545456,0.0696969696969697,0.05151515151515152,0.048484848484848485,0.021212121212121213,0.045454545454545456,0.10909090909090907,0.042424242424242434,0.03636363636363636
5j27,0.06698564593301436,0.07177033492822966,0.023923444976076555,0.07177033492822966,0.0,0.019138755980861243,0.03827751196172249,0.08133971291866028,0.057416267942583726,0.09569377990430622,0.019138755980861243,0.04784688995215311,0.0861244019138756,0.07655502392344497,0.03827751196172249,0.004784688995215311,0.04784688995215311,0.0861244019138756,0.03349282296650718,0.03349282296650718
3g35,0.138996138996139,0.08494208494208494,0.019305019305019305,0.04633204633204633,0.003861003861003861,0.007722007722007722,0.04247104247104247,0.10810810810810813,0.05019305019305019,0.04247104247104247,0.05019305019305019,0.054054054054054064,0.04247104247104247,0.03861003861003861,0.06177606177606178,0.01158301158301158,0.015444015444015444,0.10424710424710423,0.057915057915057924,0.019305019305019305
2xc0,0.057142857142857134,0.09642857142857143,0.017857142857142856,0.04642857142857143,0.057142857142857134,0.017857142857142856,0.03214285714285714,0.08214285714285714,0.05357142857142857,0.05,0.03214285714285714,0.06428571428571428,0.07142857142857142,0.06785714285714285,0.039285714285714285,0.014285714285714284,0.04642857142857143,0.057142857142857134,0.060714285714285714,0.03571428571428571
5nk4,0.06896551724137931,0.06896551724137931,0.04827586206896552,0.05862068965517241,0.013793103448275862,0.017241379310344827,0.03103448275862069,0.04827586206896552,0.05172413793103448,0.07241379310344828,0.04827586206896552,0.07241379310344828,0.06551724137931035,0.06551724137931035,0.027586206896551724,0.017241379310344827,0.04137931034482759,0.08275862068965517,0.06206896551724138,0.03793103448275862
6rnt,0.0673076923076923,0.1153846153846154,0.0,0.14423076923076922,0.038461538461538464,0.02884615384615385,0.08653846153846154,0.0576923076923077,0.0576923076923077,0.019230769230769232,0.038461538461538464,0.07692307692307693,0.0576923076923077,0.019230769230769232,0.019230769230769232,0.009615384615384616,0.038461538461538464,0.02884615384615385,0.009615384615384616,0.08653846153846154
5vc3,0.07307692307692308,0.061538461538461535,0.026923076923076925,0.07692307692307693,0.015384615384615384,0.04615384615384616,0.030769230769230767,0.026923076923076925,0.04615384615384616,0.061538461538461535,0.04230769230769231,0.07307692307692308,0.07692307692307693,0.05384615384615385,0.038461538461538464,0.007692307692307694,0.038461538461538464,0.10384615384615384,0.06538461538461539,0.03461538461538462
1wuq,0.07608695652173914,0.09239130434782608,0.03804347826086957,0.03260869565217391,0.010869565217391304,0.03260869565217391,0.005434782608695652,0.02717391304347826,0.021739130434782608,0.03804347826086957,0.03260869565217391,0.125,0.10869565217391304,0.043478260869565216,0.05434782608695652,0.010869565217391304,0.04891304347826087,0.1032608695652174,0.08152173913043477,0.016304347826086956
4g90,0.0967741935483871,0.024193548387096774,0.03225806451612903,0.12096774193548387,0.06451612903225806,0.03225806451612903,0.08064516129032258,0.08064516129032258,0.04032258064516129,0.024193548387096774,0.03225806451612903,0.07258064516129033,0.04032258064516129,0.08064516129032258,0.05645161290322581,0.0,0.024193548387096774,0.016129032258064516,0.03225806451612903,0.04838709677419355
5f8y,0.060402684563758385,0.08053691275167785,0.03355704697986577,0.04697986577181208,0.0,0.08053691275167785,0.08053691275167785,0.040268456375838924,0.060402684563758385,0.053691275167785234,0.06711409395973154,0.06711409395973154,0.03355704697986577,0.08724832214765099,0.020134228187919462,0.006711409395973154,0.060402684563758385,0.04697986577181208,0.03355704697986577,0.040268456375838924
5jgi,0.045454545454545456,0.07792207792207792,0.01948051948051948,0.07792207792207792,0.012987012987012988,0.006493506493506494,0.045454545454545456,0.09090909090909093,0.03896103896103896,0.07142857142857142,0.045454545454545456,0.07792207792207792,0.07792207792207792,0.07792207792207792,0.032467532467532464,0.032467532467532464,0.032467532467532464,0.045454545454545456,0.045454545454545456,0.045454545454545456
4q19,0.039301310043668124,0.039301310043668124,0.021834061135371174,0.06986899563318777,0.008733624454148471,0.021834061135371174,0.052401746724890834,0.052401746724890834,0.04366812227074236,0.05676855895196506,0.03056768558951965,0.05021834061135371,0.1091703056768559,0.06768558951965066,0.0480349344978166,0.03056768558951965,0.04366812227074236,0.11572052401746726,0.04585152838427948,0.052401746724890834
2pog,0.058558558558558564,0.045045045045045036,0.06531531531531531,0.07432432432432433,0.0045045045045045045,0.054054054054054064,0.03153153153153153,0.040540540540540536,0.04954954954954955,0.054054054054054064,0.02477477477477477,0.0518018018018018,0.060810810810810814,0.042792792792792786,0.040540540540540536,0.013513513513513514,0.027027027027027032,0.20045045045045048,0.042792792792792786,0.018018018018018014
